 -12.0000000000000000   1.7800000000000000E+02
 -11.6339318480799623   1.4000000000000000E+02
 -11.2678636961599263   1.1800000000000000E+02
 -10.9017955443297794  96.0000000000000000
 -10.5357273924097399   1.5100000000000000E+02
 -10.1696592404897093   1.2500000000000000E+02
  -9.8035910886570701   1.1900000000000000E+02
  -9.4375229367370306  87.0000000000000000
  -9.0714547848194904   1.1200000000000000E+02
  -8.7053866329868494  63.0000000000000000
  -8.3393184810668100  47.0000000000000000
  -7.9732503291467696   8.0000000000000000
  -7.6071821773166297   7.0000000000000000
  -7.2411140253965902   7.0000000000000000
  -6.8750458734765498   4.0000000000000000
  -6.5089777216439098   4.0000000000000000
  -6.1429095697238800   1.0000000000000000
  -5.7768414178038396   5.0000000000000000
  -5.4107732659736900   2.0000000000000000
  -5.0447051140536603   5.0000000000000000
  -4.6786369621336199   2.0000000000000000
  -4.3125688103009798   5.0000000000000000
  -3.9465006583809394   2.0000000000000000
  -3.5804325064633993   2.0000000000000000
  -3.2143643546307601   2.0000000000000000
  -2.8482962027107206   3.0000000000000000
  -2.4822280507906793   2.0000000000000000
  -2.1161598989605395   2.0000000000000000
  -1.7500917470405000   1.0000000000000000
  -1.3840235951204996   3.0000000000000000
  -1.0179554432878000   7.0000000000000000
  -0.6518872913677995   5.0000000000000000
  -0.2858191394477991   4.0000000000000000
   8.0249012382399343E-02   4.0000000000000000
   0.4463171643023998   4.0000000000000000
   0.8123853162224997  -2.0000000000000000
   1.1784534680550998  -8.0000000000000000
   1.5445216199751002 -14.0000000000000000
   1.9105897718927007 -17.0000000000000000
   2.2766579237253008 -18.0000000000000000
   2.6427260756454007 -19.0000000000000000
   3.0087942275653994 -20.0000000000000000
   3.3748623793955002 -20.0000000000000000
   3.7409305313156000 -21.0000000000000000
   4.1069986832355987 -21.0000000000000000
   4.4730668350682983 -22.0000000000000000
   4.8391349869882987 -22.0000000000000000
   5.2052031389082991 -23.0000000000000000
   5.5712712907385011 -23.0000000000000000
   5.9373394426585016 -23.0000000000000000
   6.3034075945786014 -24.0000000000000000
   6.6694757464112016 -24.0000000000000000
   7.0355438983311984 -24.0000000000000000
   7.4016120502488008 -24.0000000000000000
   7.7676802020814009 -25.0000000000000000
   8.1337483540015008 -25.0000000000000000
   8.4998165059215012 -26.0000000000000000
   8.8658846577516002 -26.0000000000000000
   9.2319528096717001 -26.0000000000000000
   9.5980209615917005 -27.0000000000000000
   9.9640891134244001 -27.0000000000000000
  10.3301572653444005 -28.0000000000000000
  10.6962254172644009 -28.0000000000000000
  11.0622935690945994 -29.0000000000000000
  11.4283617210145998 -29.0000000000000000
  11.7944298729346002 -29.0000000000000000
  12.1604980247672998 -29.0000000000000000
  12.5265661766873002 -29.0000000000000000
  12.8926343286048990 -29.0000000000000000
  13.2587024804374991 -30.0000000000000000
  13.6247706323574995 -30.0000000000000000
  13.9908387842775994 -30.0000000000000000
  14.3569069361076984 -30.0000000000000000
  14.7229750880277983 -30.0000000000000000
  15.0890432399477987 -30.0000000000000000
  15.4551113917803988 -31.0000000000000000
  15.8211795437004987 -31.0000000000000000
  16.1872476956204991 -31.0000000000000000
  16.5533158474507012 -31.0000000000000000
  16.9193839993707016 -32.0000000000000000
  17.2854521512906985 -32.0000000000000000
  17.6515203031234016 -32.0000000000000000
  18.0175884550433985 -32.0000000000000000
  18.3836566069610008 -32.0000000000000000
  18.7497247587936009 -33.0000000000000000
  19.1157929107136013 -33.0000000000000000
  19.4818610626337012 -33.0000000000000000
  19.8479292144638002 -33.0000000000000000
  20.2139973663838006 -33.0000000000000000
  20.5800655183038970 -33.0000000000000000
  20.9461336701364971 -33.0000000000000000
  21.3122018220566005 -33.0000000000000000
  21.6782699739765974 -34.0000000000000000
  22.0443381258067035 -34.0000000000000000
  22.4104062777267998 -34.0000000000000000
  22.7764744296467967 -35.0000000000000000
  23.1425425814795034 -35.0000000000000000
  23.5086107333995002 -35.0000000000000000
  23.8746788853170031 -35.0000000000000000
  24.2407470371497027 -35.0000000000000000
  24.6068151890696996 -35.0000000000000000
  24.9728833409898030 -36.0000000000000000
  25.3389514928199020 -36.0000000000000000
  25.7050196447398989 -36.0000000000000000
  26.0710877966600023 -36.0000000000000000
  26.4371559484926024 -37.0000000000000000
  26.8032241004125993 -37.0000000000000000
  27.1692922523327027 -37.0000000000000000
  27.5353604041628017 -38.0000000000000000
  27.9014285560828981 -39.0000000000000000
  28.2674967080029020 -39.0000000000000000
  28.6335648598355021 -40.0000000000000000
  28.9996330117555985 -41.0000000000000000
  29.3657011636731013 -42.0000000000000000
  29.7317693155058009 -43.0000000000000000
  30.0978374674257978 -44.0000000000000000
  30.4639056193458018 -45.0000000000000000
  30.8299737711760002 -47.0000000000000000
  31.1960419230959971 -48.0000000000000000
  31.5621100750161006 -49.0000000000000000
  31.9281782268487007 -50.0000000000000000
  32.2942463787686975 -51.0000000000000000
  32.6603145306888010 -52.0000000000000000
  33.0263826825189000 -52.0000000000000000
  33.3924508344390034 -53.0000000000000000
  33.7585189863590003 -53.0000000000000000
  34.1245871381916004 -53.0000000000000000
  34.4906552901116967 -52.0000000000000000
  34.8567234420291996 -54.0000000000000000
  35.2227915938618992 -55.0000000000000000
  35.5888597457819031 -56.0000000000000000
  35.9549278977019000 -57.0000000000000000
  36.3209960495320985 -59.0000000000000000
  36.6870642014521025 -60.0000000000000000
  37.0531323533720993 -62.0000000000000000
  37.4192005052047989 -63.0000000000000000
  37.7852686571248029 -65.0000000000000000
  38.1513368090448992 -66.0000000000000000
  38.5174049608749982 -68.0000000000000000
  38.8834731127950022 -70.0000000000000000
  39.2495412647150985 -72.0000000000000000
  39.6156094165476986 -74.0000000000000000
  39.9816775684678021 -74.0000000000000000
  40.3477457203852978 -75.0000000000000000
  40.7138138722178979 -77.0000000000000000
  41.0798820241380014 -79.0000000000000000
  41.4459501760579982 -80.0000000000000000
  41.8120183278881967 -82.0000000000000000
  42.1780864798082007 -83.0000000000000000
  42.5441546317281976 -85.0000000000000000
  42.9102227835608971 -86.0000000000000000
  43.2762909354809011 -87.0000000000000000
  43.6423590874009975 -88.0000000000000000
  44.0084272392310965 -89.0000000000000000
  44.3744953911511004 -90.0000000000000000
  44.7405635430711968 -91.0000000000000000
  45.1066316949037969 -93.0000000000000000
  45.4726998468239003 -94.0000000000000000
  45.8387679987414032 -95.0000000000000000
  46.2048361505740033 -97.0000000000000000
  46.5709043024940996 -98.0000000000000000
  46.9369724544140965  -1.0000000000000000E+02
  47.3030406062442026  -1.0100000000000000E+02
  47.6691087581642989  -1.0200000000000000E+02
  48.0351769100843029  -1.0300000000000000E+02
  48.4012450619170025  -1.0300000000000000E+02
  48.7673132138369994  -1.0200000000000000E+02
  49.1333813657570033  -1.0500000000000000E+02
  49.4994495175872018  -1.0700000000000000E+02
  49.8655176695071987  -1.0900000000000000E+02
  50.2315858214273021  -1.1000000000000000E+02
  50.5976539732599022  -1.1100000000000000E+02
  50.9637221251798991  -1.1300000000000000E+02
  51.3297902770975014  -1.1400000000000000E+02
  51.6958584289301015  -1.1500000000000000E+02
  52.0619265808501979  -1.1600000000000000E+02
  52.4279947327702018  -1.1700000000000000E+02
  52.7940628846002937  -1.1800000000000000E+02
  53.1601310365203972  -1.1800000000000000E+02
  53.5261991884404011  -1.1900000000000000E+02
  53.8922673402729941  -1.2000000000000000E+02
  54.2583354921930976  -1.2100000000000000E+02
  54.6244036441131016  -1.2200000000000000E+02
  54.9904717959432929  -1.2300000000000000E+02
  55.3565399478632969  -1.2400000000000000E+02
  55.7226080997833009  -1.2500000000000000E+02
  56.0886762516159934  -1.2600000000000000E+02
  56.4547444035359973  -1.2700000000000000E+02
  56.8208125554535997  -1.2800000000000000E+02
  57.1868807072862069  -1.3000000000000000E+02
  57.5529488592061966  -1.3100000000000000E+02
  57.9190170111263001  -1.3200000000000000E+02
  58.2850851629564062  -1.3300000000000000E+02
  58.6511533148764954  -1.3400000000000000E+02
  59.0172214667964994  -1.3500000000000000E+02
  59.3832896186291066  -1.3600000000000000E+02
  59.7493577705491958  -1.3700000000000000E+02
  60.1154259224691998  -1.3700000000000000E+02
  60.4814940742993059  -1.3800000000000000E+02
  60.8475622262193951  -1.3800000000000000E+02
  61.2136303781393991  -1.3800000000000000E+02
  61.5796985299721058  -1.3900000000000000E+02
  61.9457666818920956  -1.3900000000000000E+02
  62.3118348338096979  -1.4000000000000000E+02
  62.6779029856423051  -1.4000000000000000E+02
  63.0439711375622949  -1.4000000000000000E+02
  63.4100392894823983  -1.4000000000000000E+02
  63.7761074413125044  -1.4000000000000000E+02
  64.1421755932325937  -1.4100000000000000E+02
  64.5082437451525976  -1.4200000000000000E+02
  64.8743118969852048  -1.4300000000000000E+02
  65.2403800489052941  -1.4300000000000000E+02
  65.6064482008252980  -1.4300000000000000E+02
  65.9725163526554041  -1.4400000000000000E+02
  66.3385845045754934  -1.4500000000000000E+02
  66.7046526564954974  -1.4600000000000000E+02
  67.0707208083282040  -1.4600000000000000E+02
  67.4367889602481938  -1.4700000000000000E+02
  67.8028571121656967  -1.4800000000000000E+02
  68.1689252639984034  -1.5000000000000000E+02
  68.5349934159183931  -1.5200000000000000E+02
  68.9010615678384966  -1.5400000000000000E+02
  69.2671297196686027  -1.5600000000000000E+02
  69.6331978715886066  -1.5700000000000000E+02
  69.9992660235086959  -1.5900000000000000E+02
  70.3653341753413031  -1.6000000000000000E+02
  70.7314023272613071  -1.6200000000000000E+02
  71.0974704791813963  -1.6300000000000000E+02
  71.4635386310115024  -1.6500000000000000E+02
  71.8296067829316058  -1.6700000000000000E+02
  72.1956749348515956  -1.6900000000000000E+02
  72.5617430866842028  -1.7100000000000000E+02
  72.9278112386043063  -1.7300000000000000E+02
  73.2938793905217949  -1.7600000000000000E+02
  73.6599475423545016  -1.7800000000000000E+02
  74.0260156942745056  -1.8100000000000000E+02
  74.3920838461944953  -1.8400000000000000E+02
  74.7581519980247009  -1.8600000000000000E+02
  75.1242201499447049  -1.8900000000000000E+02
  75.4902883018647941  -1.9200000000000000E+02
  75.8563564536974013  -1.9400000000000000E+02
  76.2224246056174053  -1.9600000000000000E+02
  76.5884927575374945  -1.9800000000000000E+02
  76.9545609093676006  -2.0000000000000000E+02
  77.3206290612877041  -2.0200000000000000E+02
  77.6866972132076938  -2.0400000000000000E+02
  78.0527653650403010  -2.0600000000000000E+02
  78.4188335169604045  -2.0700000000000000E+02
  78.7849016688778931  -2.0900000000000000E+02
  79.1509698207105998  -2.1100000000000000E+02
  79.5170379726306038  -2.1300000000000000E+02
  79.8831061245505936  -2.1500000000000000E+02
  80.2491742763807991  -2.1800000000000000E+02
  80.6152424283008031  -2.2000000000000000E+02
  80.9813105802208071  -2.2200000000000000E+02
  81.3473787320534996  -2.2300000000000000E+02
  81.7134468839735035  -2.2400000000000000E+02
  82.0795150358936070  -2.2500000000000000E+02
  82.4455831877236989  -2.2700000000000000E+02
  82.8116513396437028  -2.2800000000000000E+02
  83.1777194915638063  -2.2900000000000000E+02
  83.5437876433963993  -2.3000000000000000E+02
  83.9098557953165027  -2.3100000000000000E+02
  84.2759239472340056  -2.3200000000000000E+02
  84.6419920990665986  -2.3300000000000000E+02
  85.0080602509867020  -2.3500000000000000E+02
  85.3741284029067060  -2.3600000000000000E+02
  85.7401965547368974  -2.3800000000000000E+02
  86.1062647066569014  -2.4000000000000000E+02
  86.4723328585769053  -2.4200000000000000E+02
  86.8384010104095978  -2.4400000000000000E+02
  87.2044691623296018  -2.4700000000000000E+02
  87.5705373142496057  -2.5000000000000000E+02
  87.9366054660797971  -2.5200000000000000E+02
  88.3026736180000000  -2.5500000000000000E+02
  88.6687417699200040  -2.5900000000000000E+02
  89.0348099217529949  -2.6400000000000000E+02
  89.4008780736729989  -2.6900000000000000E+02
  89.7669462255900044  -2.7400000000000000E+02
  90.1330143774229953  -2.8000000000000000E+02
  90.4990825293429992  -2.8600000000000000E+02
  90.8651506812630032  -2.9100000000000000E+02
  91.2312188330929956  -2.9600000000000000E+02
  91.5972869850129996  -3.0100000000000000E+02
  91.9633551369330036  -3.0600000000000000E+02
  92.3294232887659945  -3.1000000000000000E+02
  92.6954914406859984  -3.1500000000000000E+02
  93.0615595926060024  -3.1900000000000000E+02
  93.4276277444359948  -3.2300000000000000E+02
  93.7936958963559988  -3.2700000000000000E+02
  94.1597640482760028  -3.3100000000000000E+02
  94.5258322001089937  -3.3500000000000000E+02
  94.8919003520289976  -3.4000000000000000E+02
  95.2579685039460031  -3.4500000000000000E+02
  95.6240366557789940  -3.5000000000000000E+02
  95.9901048076989980  -3.5600000000000000E+02
  96.3561729596190020  -3.6100000000000000E+02
  96.7222411114489944  -3.6600000000000000E+02
  97.0883092633689984  -3.7100000000000000E+02
  97.4543774152890023  -3.7600000000000000E+02
  97.8204455671219932  -3.8100000000000000E+02
  98.1865137190419972  -3.8600000000000000E+02
  98.5525818709620012  -3.9200000000000000E+02
  98.9186500227919936  -3.9700000000000000E+02
  99.2847181747119976  -4.0300000000000000E+02
  99.6507863266320015  -4.0900000000000000E+02
   1.0001685447846501E+02  -4.1600000000000000E+02
   1.0038292263038500E+02  -4.2200000000000000E+02
   1.0074899078230200E+02  -4.2900000000000000E+02
   1.0111505893413501E+02  -4.3600000000000000E+02
   1.0148112708605500E+02  -4.4300000000000000E+02
   1.0184719523797500E+02  -4.5100000000000000E+02
   1.0221326338980499E+02  -4.5800000000000000E+02
   1.0257933154172500E+02  -4.6600000000000000E+02
   1.0294539969364500E+02  -4.7500000000000000E+02
   1.0331146784547801E+02  -4.8400000000000000E+02
   1.0367753599739800E+02  -4.9300000000000000E+02
   1.0404360414931800E+02  -5.0300000000000000E+02
   1.0440967230114801E+02  -5.1200000000000000E+02
   1.0477574045306800E+02  -5.2200000000000000E+02
   1.0514180860498800E+02  -5.3300000000000000E+02
   1.0550787675682101E+02  -5.4400000000000000E+02
   1.0587394490874100E+02  -5.5600000000000000E+02
   1.0624001306065800E+02  -5.6900000000000000E+02
   1.0660608121249101E+02  -5.8200000000000000E+02
   1.0697214936441100E+02  -5.9600000000000000E+02
   1.0733821751633100E+02  -6.0900000000000000E+02
   1.0770428566816101E+02  -6.2200000000000000E+02
   1.0807035382008100E+02  -6.3600000000000000E+02
   1.0843642197200100E+02  -6.4900000000000000E+02
   1.0880249012383400E+02  -6.6400000000000000E+02
   1.0916855827575399E+02  -6.7900000000000000E+02
   1.0953462642767400E+02  -6.9400000000000000E+02
   1.0990069457950401E+02  -7.1000000000000000E+02
   1.1026676273142400E+02  -7.2700000000000000E+02
   1.1063283088334400E+02  -7.4400000000000000E+02
   1.1099889903517700E+02  -7.6000000000000000E+02
   1.1136496718709699E+02  -7.7500000000000000E+02
   1.1173103533901400E+02  -7.8800000000000000E+02
   1.1209710349084700E+02  -7.9900000000000000E+02
   1.1246317164276699E+02  -8.1000000000000000E+02
   1.1282923979468700E+02  -8.1900000000000000E+02
   1.1319530794651700E+02  -8.2800000000000000E+02
   1.1356137609843699E+02  -8.3600000000000000E+02
   1.1392744425035700E+02  -8.4400000000000000E+02
   1.1429351240219000E+02  -8.5100000000000000E+02
   1.1465958055410999E+02  -8.5700000000000000E+02
   1.1502564870603000E+02  -8.6200000000000000E+02
   1.1539171685786000E+02  -8.6800000000000000E+02
   1.1575778500977999E+02  -8.7400000000000000E+02
   1.1612385316170000E+02  -8.8100000000000000E+02
   1.1648992131353299E+02  -8.8700000000000000E+02
   1.1685598946545301E+02  -8.9400000000000000E+02
   1.1722205761737101E+02  -9.0100000000000000E+02
   1.1758812576920300E+02  -9.0800000000000000E+02
   1.1795419392112299E+02  -9.1500000000000000E+02
   1.1832026207304301E+02  -9.2200000000000000E+02
   1.1868633022487299E+02  -9.2800000000000000E+02
   1.1905239837679301E+02  -9.3300000000000000E+02
   1.1941846652871300E+02  -9.3800000000000000E+02
   1.1978453468054599E+02  -9.4300000000000000E+02
   1.2015060283246601E+02  -9.4700000000000000E+02
   1.2051667098438600E+02  -9.5100000000000000E+02
   1.2088273913621600E+02  -9.5600000000000000E+02
   1.2124880728813599E+02  -9.6000000000000000E+02
   1.2161487544005601E+02  -9.6500000000000000E+02
   1.2198094359188900E+02  -9.6900000000000000E+02
   1.2234701174380899E+02  -9.7400000000000000E+02
   1.2271307989572699E+02  -9.7800000000000000E+02
   1.2307914804755899E+02  -9.8300000000000000E+02
   1.2344521619947901E+02  -9.8700000000000000E+02
   1.2381128435139900E+02  -9.9000000000000000E+02
   1.2417735250322900E+02  -9.9400000000000000E+02
   1.2454342065514999E+02  -9.9900000000000000E+02
   1.2490948880707001E+02  -1.0030000000000000E+03
   1.2527555695890200E+02  -1.0070000000000000E+03
   1.2564162511082199E+02  -1.0120000000000000E+03
   1.2600769326274201E+02  -1.0170000000000000E+03
   1.2637376141457199E+02  -1.0220000000000000E+03
   1.2673982956649201E+02  -1.0250000000000000E+03
   1.2710589771841200E+02  -1.0290000000000000E+03
   1.2747196587024499E+02  -1.0320000000000000E+03
   1.2783803402216500E+02  -1.0350000000000000E+03
   1.2820410217408300E+02  -1.0380000000000000E+03
   1.2857017032591500E+02  -1.0420000000000000E+03
   1.2893623847783499E+02  -1.0450000000000000E+03
   1.2930230662975501E+02  -1.0470000000000000E+03
   1.2966837478158601E+02  -1.0470000000000000E+03
   1.3003444293350600E+02  -1.0470000000000000E+03
   1.3040051108542599E+02  -1.0480000000000000E+03
   1.3076657923725799E+02  -1.0500000000000000E+03
   1.3113264738917800E+02  -1.0530000000000000E+03
   1.3149871554109799E+02  -1.0560000000000000E+03
   1.3186478369292800E+02  -1.0600000000000000E+03
   1.3223085184484901E+02  -1.0640000000000000E+03
   1.3259691999676900E+02  -1.0690000000000000E+03
   1.3296298814860100E+02  -1.0740000000000000E+03
   1.3332905630052099E+02  -1.0800000000000000E+03
   1.3369512445243899E+02  -1.0860000000000000E+03
   1.3406119260427101E+02  -1.0930000000000000E+03
   1.3442726075619100E+02  -1.0990000000000000E+03
   1.3479332890811199E+02  -1.1060000000000000E+03
   1.3515939705994199E+02  -1.1150000000000000E+03
   1.3552546521186201E+02  -1.1230000000000000E+03
   1.3589153336378200E+02  -1.1310000000000000E+03
   1.3625760151561400E+02  -1.1390000000000000E+03
   1.3662366966753399E+02  -1.1470000000000000E+03
   1.3698973781945401E+02  -1.1550000000000000E+03
   1.3735580597128501E+02  -1.1620000000000000E+03
   1.3772187412320500E+02  -1.1690000000000000E+03
   1.3808794227512499E+02  -1.1760000000000000E+03
   1.3845401042695701E+02  -1.1830000000000000E+03
   1.3882007857887700E+02  -1.1890000000000000E+03
   1.3918614673079500E+02  -1.1950000000000000E+03
   1.3955221488262799E+02  -1.2000000000000000E+03
   1.3991828303454801E+02  -1.2050000000000000E+03
   1.4028435118646800E+02  -1.2110000000000000E+03
   1.4065041933829801E+02  -1.2160000000000000E+03
   1.4101648749021800E+02  -1.2220000000000000E+03
   1.4138255564213799E+02  -1.2280000000000000E+03
   1.4174862379397001E+02  -1.2340000000000000E+03
   1.4211469194589000E+02  -1.2400000000000000E+03
   1.4248076009781099E+02  -1.2460000000000000E+03
   1.4284682824964099E+02  -1.2520000000000000E+03
   1.4321289640156101E+02  -1.2580000000000000E+03
   1.4357896455348100E+02  -1.2640000000000000E+03
   1.4394503270531300E+02  -1.2690000000000000E+03
   1.4431110085723299E+02  -1.2750000000000000E+03
   1.4467716900915099E+02  -1.2800000000000000E+03
   1.4504323716098401E+02  -1.2850000000000000E+03
   1.4540930531290400E+02  -1.2900000000000000E+03
   1.4577537346482401E+02  -1.2950000000000000E+03
   1.4614144161665399E+02  -1.2990000000000000E+03
   1.4650750976857401E+02  -1.3020000000000000E+03
   1.4687357792049400E+02  -1.3060000000000000E+03
   1.4723964607232699E+02  -1.3100000000000000E+03
   1.4760571422424701E+02  -1.3150000000000000E+03
   1.4797178237616700E+02  -1.3190000000000000E+03
   1.4833785052799701E+02  -1.3250000000000000E+03
   1.4870391867991700E+02  -1.3310000000000000E+03
   1.4906998683183701E+02  -1.3380000000000000E+03
   1.4943605498366901E+02  -1.3450000000000000E+03
   1.4980212313558999E+02  -1.3520000000000000E+03
   1.5016819128750700E+02  -1.3590000000000000E+03
   1.5053425943933999E+02  -1.3670000000000000E+03
   1.5090032759126001E+02  -1.3740000000000000E+03
   1.5126639574318000E+02  -1.3820000000000000E+03
   1.5163246389501001E+02  -1.3880000000000000E+03
   1.5199853204692999E+02  -1.3940000000000000E+03
   1.5236460019885001E+02  -1.3980000000000000E+03
   1.5273066835068300E+02  -1.4010000000000000E+03
   1.5309673650260299E+02  -1.4010000000000000E+03
   1.5346280465452301E+02  -1.4000000000000000E+03
   1.5382887280635299E+02  -1.4000000000000000E+03
   1.5419494095827301E+02  -1.4000000000000000E+03
   1.5456100911019300E+02  -1.4000000000000000E+03
   1.5492707726202599E+02  -1.4000000000000000E+03
   1.5529314541394601E+02  -1.3990000000000000E+03
   1.5565921356586301E+02  -1.3990000000000000E+03
   1.5602528171769600E+02  -1.3980000000000000E+03
   1.5639134986961599E+02  -1.3980000000000000E+03
   1.5675741802153601E+02  -1.3980000000000000E+03
   1.5712348617336599E+02  -1.3990000000000000E+03
   1.5748955432528601E+02  -1.4000000000000000E+03
   1.5785562247720600E+02  -1.4020000000000000E+03
   1.5822169062903899E+02  -1.4050000000000000E+03
   1.5858775878095901E+02  -1.4090000000000000E+03
   1.5895382693287900E+02  -1.4150000000000000E+03
   1.5931989508470900E+02  -1.4230000000000000E+03
   1.5968596323662899E+02  -1.4310000000000000E+03
   1.6005203138854901E+02  -1.4410000000000000E+03
   1.6041809954038200E+02  -1.4530000000000000E+03
   1.6078416769230199E+02  -1.4630000000000000E+03
   1.6115023584421900E+02  -1.4720000000000000E+03
   1.6151630399605199E+02  -1.4790000000000000E+03
   1.6188237214797201E+02  -1.4840000000000000E+03
   1.6224844029989200E+02  -1.4890000000000000E+03
   1.6261450845172200E+02  -1.4910000000000000E+03
   1.6298057660364199E+02  -1.4940000000000000E+03
   1.6334664475556201E+02  -1.4960000000000000E+03
   1.6371271290739500E+02  -1.4980000000000000E+03
   1.6407878105931499E+02  -1.5010000000000000E+03
   1.6444484921123501E+02  -1.5050000000000000E+03
   1.6481091736306499E+02  -1.5110000000000000E+03
   1.6517698551498501E+02  -1.5170000000000000E+03
   1.6554305366690500E+02  -1.5250000000000000E+03
   1.6590912181873799E+02  -1.5340000000000000E+03
   1.6627518997065800E+02  -1.5430000000000000E+03
   1.6664125812257501E+02  -1.5520000000000000E+03
   1.6700732627440800E+02  -1.5600000000000000E+03
   1.6737339442632799E+02  -1.5670000000000000E+03
   1.6773946257824801E+02  -1.5740000000000000E+03
   1.6810553073007799E+02  -1.5810000000000000E+03
   1.6847159888199801E+02  -1.5860000000000000E+03
   1.6883766703391800E+02  -1.5900000000000000E+03
   1.6920373518575099E+02  -1.5930000000000000E+03
   1.6956980333767100E+02  -1.5960000000000000E+03
   1.6993587148959099E+02  -1.5980000000000000E+03
   1.7030193964142100E+02  -1.6000000000000000E+03
   1.7066800779334099E+02  -1.6020000000000000E+03
   1.7103407594526101E+02  -1.6050000000000000E+03
   1.7140014409709400E+02  -1.6090000000000000E+03
   1.7176621224901399E+02  -1.6130000000000000E+03
   1.7213228040093099E+02  -1.6180000000000000E+03
   1.7249834855276401E+02  -1.6240000000000000E+03
   1.7286441670468400E+02  -1.6290000000000000E+03
   1.7323048485660399E+02  -1.6330000000000000E+03
   1.7359655300843400E+02  -1.6370000000000000E+03
   1.7396262116035399E+02  -1.6410000000000000E+03
   1.7432868931227401E+02  -1.6450000000000000E+03
   1.7469475746410700E+02  -1.6480000000000000E+03
   1.7506082561602699E+02  -1.6510000000000000E+03
   1.7542689376794701E+02  -1.6550000000000000E+03
   1.7579296191977701E+02  -1.6580000000000000E+03
   1.7615903007169700E+02  -1.6620000000000000E+03
   1.7652509822361699E+02  -1.6670000000000000E+03
   1.7689116637545001E+02  -1.6710000000000000E+03
   1.7725723452737000E+02  -1.6760000000000000E+03
   1.7762330267928701E+02  -1.6810000000000000E+03
   1.7798937083112000E+02  -1.6880000000000000E+03
   1.7835543898303999E+02  -1.6940000000000000E+03
   1.7872150713496001E+02  -1.7020000000000000E+03
   1.7908757528679001E+02  -1.7110000000000000E+03
   1.7945364343871000E+02  -1.7220000000000000E+03
   1.7981971159062999E+02  -1.7350000000000000E+03
   1.8018577974246301E+02  -1.7500000000000000E+03
   1.8055184789438300E+02  -1.7650000000000000E+03
   1.8091791604630299E+02  -1.7800000000000000E+03
   1.8128398419813300E+02  -1.7940000000000000E+03
   1.8165005235005299E+02  -1.8070000000000000E+03
   1.8201612050197301E+02  -1.8190000000000000E+03
   1.8238218865380600E+02  -1.8320000000000000E+03
   1.8274825680572599E+02  -1.8440000000000000E+03
   1.8311432495764399E+02  -1.8540000000000000E+03
   1.8348039310947601E+02  -1.8630000000000000E+03
   1.8384646126139600E+02  -1.8700000000000000E+03
   1.8421252941331599E+02  -1.8720000000000000E+03
   1.8457859756514600E+02  -1.8780000000000000E+03
   1.8494466571706599E+02  -1.8870000000000000E+03
   1.8531073386898700E+02  -1.8980000000000000E+03
   1.8567680202081900E+02  -1.9090000000000000E+03
   1.8604287017273899E+02  -1.9210000000000000E+03
   1.8640893832465900E+02  -1.9330000000000000E+03
   1.8677500647648901E+02  -1.9440000000000000E+03
   1.8714107462840900E+02  -1.9520000000000000E+03
   1.8750714278032899E+02  -1.9610000000000000E+03
   1.8787321093216201E+02  -1.9700000000000000E+03
   1.8823927908408200E+02  -1.9770000000000000E+03
   1.8860534723600000E+02  -1.9840000000000000E+03
   1.8897141538783200E+02  -1.9900000000000000E+03
   1.8933748353975199E+02  -1.9960000000000000E+03
   1.8970355169167200E+02  -2.0000000000000000E+03
   1.9006961984350301E+02  -2.0100000000000000E+03
   1.9043568799542300E+02  -2.0210000000000000E+03
   1.9080175614734301E+02  -2.0350000000000000E+03
   1.9116782429917501E+02  -2.0520000000000000E+03
   1.9153389245109500E+02  -2.0710000000000000E+03
   1.9189996060301499E+02  -2.0890000000000000E+03
   1.9226602875484500E+02  -2.1050000000000000E+03
   1.9263209690676501E+02  -2.1210000000000000E+03
   1.9299816505868600E+02  -2.1370000000000000E+03
   1.9336423321051799E+02  -2.1530000000000000E+03
   1.9373030136243801E+02  -2.1640000000000000E+03
   1.9409636951435601E+02  -2.1890000000000000E+03
   1.9446243766618801E+02  -2.2140000000000000E+03
   1.9482850581810800E+02  -2.2340000000000000E+03
   1.9519457397002799E+02  -2.2510000000000000E+03
   1.9556064212185899E+02  -2.2670000000000000E+03
   1.9592671027377901E+02  -2.2830000000000000E+03
   1.9629277842569900E+02  -2.2990000000000000E+03
   1.9665884657753099E+02  -2.3130000000000000E+03
   1.9702491472945101E+02  -2.3290000000000000E+03
   1.9739098288137100E+02  -2.3470000000000000E+03
   1.9775705103320200E+02  -2.3670000000000000E+03
   1.9812311918512199E+02  -2.3880000000000000E+03
   1.9848918733704201E+02  -2.4100000000000000E+03
   1.9885525548887401E+02  -2.4320000000000000E+03
   1.9922132364079400E+02  -2.4550000000000000E+03
   1.9958739179271200E+02  -2.4780000000000000E+03
   1.9995345994454399E+02  -2.5000000000000000E+03
   2.0031952809646501E+02  -2.5230000000000000E+03
   2.0068559624838500E+02  -2.5450000000000000E+03
   2.0105166440021500E+02  -2.5670000000000000E+03
   2.0141773255213499E+02  -2.5890000000000000E+03
   2.0178380070405501E+02  -2.6150000000000000E+03
   2.0214986885588701E+02  -2.6420000000000000E+03
   2.0251593700780700E+02  -2.6700000000000000E+03
   2.0288200515972699E+02  -2.6960000000000000E+03
   2.0324807331155799E+02  -2.7220000000000000E+03
   2.0361414146347801E+02  -2.7480000000000000E+03
   2.0398020961539800E+02  -2.7730000000000000E+03
   2.0434627776722999E+02  -2.7960000000000000E+03
   2.0471234591915001E+02  -2.8140000000000000E+03
   2.0507841407106801E+02  -2.8300000000000000E+03
   2.0544448222290100E+02  -2.8460000000000000E+03
   2.0581055037482099E+02  -2.8610000000000000E+03
   2.0617661852674101E+02  -2.8750000000000000E+03
   2.0654268667857099E+02  -2.8860000000000000E+03
   2.0690875483049101E+02  -2.8940000000000000E+03
   2.0727482298241100E+02  -2.9000000000000000E+03
   2.0764089113424299E+02  -2.9150000000000000E+03
   2.0800695928616400E+02  -2.9310000000000000E+03
   2.0837302743808399E+02  -2.9480000000000000E+03
   2.0873909558991400E+02  -2.9690000000000000E+03
   2.0910516374183399E+02  -2.9910000000000000E+03
   2.0947123189375401E+02  -3.0170000000000000E+03
   2.0983730004558601E+02  -3.0450000000000000E+03
   2.1020336819750699E+02  -3.0760000000000000E+03
   2.1056943634942400E+02  -3.1060000000000000E+03
   2.1093550450125699E+02  -3.1350000000000000E+03
   2.1130157265317700E+02  -3.1620000000000000E+03
   2.1166764080509699E+02  -3.1870000000000000E+03
   2.1203370895692700E+02  -3.2070000000000000E+03
   2.1239977710884699E+02  -3.2230000000000000E+03
   2.1276584526076701E+02  -3.2370000000000000E+03
   2.1313191341260000E+02  -3.2510000000000000E+03
   2.1349798156451999E+02  -3.2650000000000000E+03
   2.1386404971644001E+02  -3.2800000000000000E+03
   2.1423011786827001E+02  -3.3010000000000000E+03
   2.1459618602019000E+02  -3.3210000000000000E+03
   2.1496225417210999E+02  -3.3380000000000000E+03
   2.1532832232394301E+02  -3.3510000000000000E+03
   2.1569439047586300E+02  -3.3730000000000000E+03
   2.1606045862778001E+02  -3.3950000000000000E+03
   2.1642652677961300E+02  -3.4170000000000000E+03
   2.1679259493153299E+02  -3.4380000000000000E+03
   2.1715866308345301E+02  -3.4560000000000000E+03
   2.1752473123528301E+02  -3.4770000000000000E+03
   2.1789079938720300E+02  -3.5030000000000000E+03
   2.1825686753912299E+02  -3.5230000000000000E+03
   2.1862293569095601E+02  -3.5390000000000000E+03
   2.1898900384287600E+02  -3.5510000000000000E+03
   2.1935507199479599E+02  -3.5590000000000000E+03
   2.1972114014662600E+02  -3.5690000000000000E+03
   2.2008720829854599E+02  -3.5790000000000000E+03
   2.2045327645046601E+02  -3.5880000000000000E+03
   2.2081934460229900E+02  -3.5980000000000000E+03
   2.2118541275421899E+02  -3.6030000000000000E+03
   2.2155148090613599E+02  -3.6040000000000000E+03
   2.2191754905796901E+02  -3.5990000000000000E+03
   2.2228361720988900E+02  -3.5910000000000000E+03
   2.2264968536180899E+02  -3.5810000000000000E+03
   2.2301575351363900E+02  -3.5720000000000000E+03
   2.2338182166555899E+02  -3.5640000000000000E+03
   2.2374788981747901E+02  -3.5610000000000000E+03
   2.2411395796931200E+02  -3.5600000000000000E+03
   2.2448002612123199E+02  -3.5620000000000000E+03
   2.2484609427315200E+02  -3.5650000000000000E+03
   2.2521216242498201E+02  -3.5730000000000000E+03
   2.2557823057690200E+02  -3.5860000000000000E+03
   2.2594429872882199E+02  -3.6060000000000000E+03
   2.2631036688065501E+02  -3.6280000000000000E+03
   2.2667643503257500E+02  -3.6550000000000000E+03
   2.2704250318449201E+02  -3.6870000000000000E+03
   2.2740857133632500E+02  -3.7210000000000000E+03
   2.2777463948824499E+02  -3.7520000000000000E+03
   2.2814070764016500E+02  -3.7730000000000000E+03
   2.2850677579199501E+02  -3.7890000000000000E+03
   2.2887284394391500E+02  -3.8060000000000000E+03
   2.2923891209583499E+02  -3.8220000000000000E+03
   2.2960498024766801E+02  -3.8390000000000000E+03
   2.2997104839958800E+02  -3.8570000000000000E+03
   2.3033711655150799E+02  -3.8770000000000000E+03
   2.3070318470333800E+02  -3.9080000000000000E+03
   2.3106925285525799E+02  -3.9400000000000000E+03
   2.3143532100717800E+02  -3.9680000000000000E+03
   2.3180138915901099E+02  -4.0010000000000000E+03
   2.3216745731093101E+02  -4.0390000000000000E+03
   2.3253352546284799E+02  -4.0870000000000000E+03
   2.3289959361468101E+02  -4.1520000000000000E+03
   2.3326566176660100E+02  -4.2170000000000000E+03
   2.3363172991852099E+02  -4.2800000000000000E+03
   2.3399779807035100E+02  -4.3420000000000000E+03
   2.3436386622227101E+02  -4.3930000000000000E+03
   2.3472993437419100E+02  -4.4280000000000000E+03
   2.3509600252602399E+02  -4.4550000000000000E+03
   2.3546207067794401E+02  -4.4730000000000000E+03
   2.3582813882986400E+02  -4.4890000000000000E+03
   2.3619420698169401E+02  -4.5030000000000000E+03
   2.3656027513361400E+02  -4.5160000000000000E+03
   2.3692634328553399E+02  -4.5350000000000000E+03
   2.3729241143736701E+02  -4.5680000000000000E+03
   2.3765847958928700E+02  -4.6070000000000000E+03
   2.3802454774120400E+02  -4.6500000000000000E+03
   2.3839061589303699E+02  -4.6940000000000000E+03
   2.3875668404495701E+02  -4.7370000000000000E+03
   2.3912275219687700E+02  -4.7770000000000000E+03
   2.3948882034870701E+02  -4.8150000000000000E+03
   2.3985488850062700E+02  -4.8450000000000000E+03
   2.4022095665254699E+02  -4.8830000000000000E+03
   2.4058702480438001E+02  -4.9260000000000000E+03
   2.4095309295630000E+02  -4.9800000000000000E+03
   2.4131916110821999E+02  -5.0370000000000000E+03
   2.4168522926004999E+02  -5.0930000000000000E+03
   2.4205129741197001E+02  -5.1530000000000000E+03
   2.4241736556389000E+02  -5.2240000000000000E+03
   2.4278343371572299E+02  -5.2990000000000000E+03
   2.4314950186764301E+02  -5.3700000000000000E+03
   2.4351557001956101E+02  -5.4350000000000000E+03
   2.4388163817139301E+02  -5.4980000000000000E+03
   2.4424770632331303E+02  -5.5680000000000000E+03
   2.4461377447523301E+02  -5.6370000000000000E+03
   2.4497984262706302E+02  -5.6920000000000000E+03
   2.4534591077898301E+02  -5.7340000000000000E+03
   2.4571197893090300E+02  -5.7590000000000000E+03
   2.4607804708273602E+02  -5.7710000000000000E+03
   2.4644411523465601E+02  -5.7620000000000000E+03
   2.4681018338657600E+02  -5.7510000000000000E+03
   2.4717625153840601E+02  -5.7400000000000000E+03
   2.4754231969032600E+02  -5.7290000000000000E+03
   2.4790838784224599E+02  -5.7240000000000000E+03
   2.4827445599407901E+02  -5.7290000000000000E+03
   2.4864052414599900E+02  -5.7340000000000000E+03
   2.4900659229791700E+02  -5.7390000000000000E+03
   2.4937266044974899E+02  -5.7560000000000000E+03
   2.4973872860166898E+02  -5.7830000000000000E+03
   2.5010479675358903E+02  -5.8170000000000000E+03
   2.5047086490542000E+02  -5.8550000000000000E+03
   2.5083693305733999E+02  -5.8910000000000000E+03
   2.5120300120925998E+02  -5.9270000000000000E+03
   2.5156906936109198E+02  -5.9680000000000000E+03
   2.5193513751301202E+02  -6.0160000000000000E+03
   2.5230120566493201E+02  -6.0690000000000000E+03
   2.5266727381676202E+02  -6.1260000000000000E+03
   2.5303334196868201E+02  -6.1840000000000000E+03
   2.5339941012060200E+02  -6.2290000000000000E+03
   2.5376547827243502E+02  -6.2620000000000000E+03
   2.5413154642435501E+02  -6.2830000000000000E+03
   2.5449761457627301E+02  -6.2910000000000000E+03
   2.5486368272810500E+02  -6.2870000000000000E+03
   2.5522975088002499E+02  -6.2820000000000000E+03
   2.5559581903194498E+02  -6.2800000000000000E+03
   2.5596188718377601E+02  -6.2870000000000000E+03
   2.5632795533569600E+02  -6.3150000000000000E+03
   2.5669402348761599E+02  -6.3590000000000000E+03
   2.5706009163944799E+02  -6.4200000000000000E+03
   2.5742615979136798E+02  -6.5040000000000000E+03
   2.5779222794328803E+02  -6.6040000000000000E+03
   2.5815829609511798E+02  -6.7110000000000000E+03
   2.5852436424703802E+02  -6.8210000000000000E+03
   2.5889043239895898E+02  -6.8910000000000000E+03
   2.5925650055079097E+02  -6.9380000000000000E+03
   2.5962256870271102E+02  -6.9690000000000000E+03
   2.5998863685462902E+02  -6.9910000000000000E+03
   2.6035470500646102E+02  -7.0110000000000000E+03
   2.6072077315838101E+02  -7.0310000000000000E+03
   2.6108684131030202E+02  -7.0530000000000000E+03
   2.6145290946213203E+02  -7.0700000000000000E+03
   2.6181897761405202E+02  -7.0860000000000000E+03
   2.6218504576597201E+02  -7.1010000000000000E+03
   2.6255111391780400E+02  -7.1110000000000000E+03
   2.6291718206972399E+02  -7.1270000000000000E+03
   2.6328325022164398E+02  -7.1480000000000000E+03
   2.6364931837347501E+02  -7.1710000000000000E+03
   2.6401538652539500E+02  -7.1920000000000000E+03
   2.6438145467731499E+02  -7.2120000000000000E+03
   2.6474752282914699E+02  -7.2290000000000000E+03
   2.6511359098106698E+02  -7.2420000000000000E+03
   2.6547965913298498E+02  -7.2570000000000000E+03
   2.6584572728481697E+02  -7.2680000000000000E+03
   2.6621179543673799E+02  -7.2780000000000000E+03
   2.6657786358865798E+02  -7.2910000000000000E+03
   2.6694393174048798E+02  -7.3050000000000000E+03
   2.6730999989240797E+02  -7.3230000000000000E+03
   2.6767606804432802E+02  -7.3450000000000000E+03
   2.6804213619616002E+02  -7.3710000000000000E+03
   2.6840820434808097E+02  -7.3920000000000000E+03
   2.6877427250000102E+02  -7.4070000000000000E+03
   2.6914034065183102E+02  -7.4130000000000000E+03
   2.6950640880375101E+02  -7.4050000000000000E+03
   2.6987247695567100E+02  -7.3860000000000000E+03
   2.7023854510750300E+02  -7.3620000000000000E+03
   2.7060461325942299E+02  -7.3350000000000000E+03
   2.7097068141134099E+02  -7.3100000000000000E+03
   2.7133674956317401E+02  -7.2880000000000000E+03
   2.7170281771509400E+02  -7.2680000000000000E+03
   2.7206888586701399E+02  -7.2420000000000000E+03
   2.7243495401884400E+02  -7.2130000000000000E+03
   2.7280102217076399E+02  -7.1800000000000000E+03
   2.7316709032268398E+02  -7.1450000000000000E+03
   2.7353315847451699E+02  -7.1090000000000000E+03
   2.7389922662643698E+02  -7.0770000000000000E+03
   2.7426529477835697E+02  -7.0480000000000000E+03
   2.7463136293018698E+02  -7.0220000000000000E+03
   2.7499743108210703E+02  -7.0010000000000000E+03
   2.7536349923402702E+02  -6.9860000000000000E+03
   2.7572956738585901E+02  -6.9770000000000000E+03
   2.7609563553778003E+02  -6.9820000000000000E+03
   2.7646170368969700E+02  -6.9890000000000000E+03
   2.7682777184153002E+02  -6.9980000000000000E+03
   2.7719383999345001E+02  -7.0090000000000000E+03
   2.7755990814537000E+02  -7.0160000000000000E+03
   2.7792597629720001E+02  -7.0200000000000000E+03
   2.7829204444912000E+02  -7.0200000000000000E+03
   2.7865811260103999E+02  -7.0170000000000000E+03
   2.7902418075287301E+02  -7.0110000000000000E+03
   2.7939024890479300E+02  -7.0020000000000000E+03
   2.7975631705671299E+02  -6.9870000000000000E+03
   2.8012238520854299E+02  -6.9650000000000000E+03
   2.8048845336046298E+02  -6.9400000000000000E+03
   2.8085452151238297E+02  -6.9130000000000000E+03
   2.8122058966421599E+02  -6.8830000000000000E+03
   2.8158665781613598E+02  -6.8560000000000000E+03
   2.8195272596805302E+02  -6.8320000000000000E+03
   2.8231879411988598E+02  -6.8110000000000000E+03
   2.8268486227180603E+02  -6.7910000000000000E+03
   2.8305093042372602E+02  -6.7720000000000000E+03
   2.8341699857555602E+02  -6.7460000000000000E+03
   2.8378306672747601E+02  -6.7190000000000000E+03
   2.8414913487939600E+02  -6.6960000000000000E+03
   2.8451520303122902E+02  -6.6710000000000000E+03
   2.8488127118314901E+02  -6.6440000000000000E+03
   2.8524733933506900E+02  -6.6200000000000000E+03
   2.8561340748689901E+02  -6.6020000000000000E+03
   2.8597947563881900E+02  -6.5890000000000000E+03
   2.8634554379073899E+02  -6.5800000000000000E+03
   2.8671161194257201E+02  -6.5760000000000000E+03
   2.8707768009449200E+02  -6.5700000000000000E+03
   2.8744374824640897E+02  -6.5610000000000000E+03
   2.8780981639824199E+02  -6.5460000000000000E+03
   2.8817588455016198E+02  -6.5260000000000000E+03
   2.8854195270208203E+02  -6.5080000000000000E+03
   2.8890802085391198E+02  -6.4930000000000000E+03
   2.8927408900583202E+02  -6.4800000000000000E+03
   2.8964015715775201E+02  -6.4710000000000000E+03
   2.9000622530958498E+02  -6.4600000000000000E+03
   2.9037229346150502E+02  -6.4490000000000000E+03
   2.9073836161342501E+02  -6.4370000000000000E+03
   2.9110442976525502E+02  -6.4230000000000000E+03
   2.9147049791717501E+02  -6.3870000000000000E+03
   2.9183656606909500E+02  -6.3400000000000000E+03
   2.9220263422092802E+02  -6.2900000000000000E+03
   2.9256870237284801E+02  -6.2560000000000000E+03
   2.9293477052476499E+02  -6.2560000000000000E+03
   2.9330083867659800E+02  -6.2760000000000000E+03
   2.9366690682851799E+02  -6.2920000000000000E+03
   2.9403297498043798E+02  -6.3110000000000000E+03
   2.9439904313226799E+02  -6.3210000000000000E+03
   2.9476511128418798E+02  -6.3190000000000000E+03
   2.9513117943610803E+02  -6.3120000000000000E+03
   2.9549724758794099E+02  -6.3080000000000000E+03
   2.9586331573986098E+02  -6.3080000000000000E+03
   2.9622938389178103E+02  -6.3100000000000000E+03
   2.9659545204361098E+02  -6.3140000000000000E+03
   2.9696152019553102E+02  -6.3130000000000000E+03
   2.9732758834745101E+02  -6.2970000000000000E+03
   2.9769365649928397E+02  -6.2550000000000000E+03
   2.9805972465120402E+02  -6.1900000000000000E+03
   2.9842579280312100E+02  -6.1190000000000000E+03
   2.9879186095495402E+02  -6.0560000000000000E+03
   2.9915792910687401E+02  -6.0180000000000000E+03
   2.9952399725879400E+02  -5.9940000000000000E+03
   2.9989006541062400E+02  -5.9800000000000000E+03
   3.0025613356254399E+02  -5.9730000000000000E+03
   3.0062220171446398E+02  -5.9680000000000000E+03
   3.0098826986629700E+02  -5.9660000000000000E+03
   3.0135433801821699E+02  -5.9670000000000000E+03
   3.0172040617013698E+02  -5.9690000000000000E+03
   3.0208647432196699E+02  -5.9710000000000000E+03
   3.0245254247388698E+02  -5.9760000000000000E+03
   3.0281861062580703E+02  -5.9800000000000000E+03
   3.0318467877763999E+02  -5.9810000000000000E+03
   3.0355074692955998E+02  -5.9830000000000000E+03
   3.0391681508147798E+02  -5.9830000000000000E+03
   3.0428288323330997E+02  -5.9800000000000000E+03
   3.0464895138523002E+02  -5.9760000000000000E+03
   3.0501501953715001E+02  -5.9660000000000000E+03
   3.0538108768898002E+02  -5.9540000000000000E+03
   3.0574715584090001E+02  -5.9390000000000000E+03
   3.0611322399282000E+02  -5.9240000000000000E+03
   3.0647929214465302E+02  -5.9130000000000000E+03
   3.0684536029657301E+02  -5.9060000000000000E+03
   3.0721142844849300E+02  -5.9000000000000000E+03
   3.0757749660032300E+02  -5.8930000000000000E+03
   3.0794356475224299E+02  -5.8860000000000000E+03
   3.0830963290416298E+02  -5.8780000000000000E+03
   3.0867570105599600E+02  -5.8700000000000000E+03
   3.0904176920791599E+02  -5.8630000000000000E+03
   3.0940783735983399E+02  -5.8570000000000000E+03
   3.0977390551166599E+02  -5.8500000000000000E+03
   3.1013997366358598E+02  -5.8460000000000000E+03
   3.1050604181550602E+02  -5.8440000000000000E+03
   3.1087210996733597E+02  -5.8490000000000000E+03
   3.1123817811925699E+02  -5.8690000000000000E+03
   3.1160424627117698E+02  -5.8870000000000000E+03
   3.1197031442300897E+02  -5.9100000000000000E+03
   3.1233638257492902E+02  -5.9360000000000000E+03
   3.1270245072684901E+02  -5.9450000000000000E+03
   3.1306851887867901E+02  -5.9480000000000000E+03
   3.1343458703059900E+02  -5.9450000000000000E+03
   3.1380065518251899E+02  -5.9370000000000000E+03
   3.1416672333435201E+02  -5.9350000000000000E+03
   3.1453279148627200E+02  -5.9300000000000000E+03
   3.1489885963819000E+02  -5.9260000000000000E+03
   3.1526492779002200E+02  -5.9230000000000000E+03
   3.1563099594194199E+02  -5.9130000000000000E+03
   3.1599706409386198E+02  -5.9000000000000000E+03
   3.1636313224569301E+02  -5.8820000000000000E+03
   3.1672920039761300E+02  -5.8620000000000000E+03
   3.1709526854953299E+02  -5.8400000000000000E+03
   3.1746133670136498E+02  -5.8160000000000000E+03
   3.1782740485328497E+02  -5.7910000000000000E+03
   3.1819347300520502E+02  -5.7660000000000000E+03
   3.1855954115703503E+02  -5.7420000000000000E+03
   3.1892560930895502E+02  -5.7210000000000000E+03
   3.1929167746087597E+02  -5.7000000000000000E+03
   3.1965774561270803E+02  -5.6820000000000000E+03
   3.2002381376462802E+02  -5.6650000000000000E+03
   3.2038988191654602E+02  -5.6500000000000000E+03
   3.2075595006837801E+02  -5.6380000000000000E+03
   3.2112201822029800E+02  -5.6280000000000000E+03
   3.2148808637221799E+02  -5.6200000000000000E+03
   3.2185415452404902E+02  -5.6170000000000000E+03
   3.2222022267596901E+02  -5.6180000000000000E+03
   3.2258629082788900E+02  -5.6210000000000000E+03
   3.2295235897972100E+02  -5.6230000000000000E+03
   3.2331842713164099E+02  -5.6220000000000000E+03
   3.2368449528356098E+02  -5.6130000000000000E+03
   3.2405056343539098E+02  -5.6000000000000000E+03
   3.2441663158731200E+02  -5.5870000000000000E+03
   3.2478269973923199E+02  -5.5770000000000000E+03
   3.2514876789106398E+02  -5.5660000000000000E+03
   3.2551483604298397E+02  -5.5550000000000000E+03
   3.2588090419490197E+02  -5.5450000000000000E+03
   3.2624697234673403E+02  -5.5410000000000000E+03
   3.2661304049865498E+02  -5.5410000000000000E+03
   3.2697910865057497E+02  -5.5440000000000000E+03
   3.2734517680240498E+02  -5.5500000000000000E+03
   3.2771124495432502E+02  -5.5540000000000000E+03
   3.2807731310624501E+02  -5.5570000000000000E+03
   3.2844338125807701E+02  -5.5570000000000000E+03
   3.2880944940999700E+02  -5.5540000000000000E+03
   3.2917551756191801E+02  -5.5510000000000000E+03
   3.2954158571374802E+02  -5.5500000000000000E+03
   3.2990765386566801E+02  -5.5520000000000000E+03
   3.3027372201758800E+02  -5.5570000000000000E+03
   3.3063979016942000E+02  -5.5640000000000000E+03
   3.3100585832133999E+02  -5.5710000000000000E+03
   3.3137192647325799E+02  -5.5780000000000000E+03
   3.3173799462509101E+02  -5.5830000000000000E+03
   3.3210406277701099E+02  -5.5840000000000000E+03
   3.3247013092893098E+02  -5.5820000000000000E+03
   3.3283619908076099E+02  -5.5800000000000000E+03
   3.3320226723268098E+02  -5.5760000000000000E+03
   3.3356833538460103E+02  -5.5720000000000000E+03
   3.3393440353643302E+02  -5.5670000000000000E+03
   3.3430047168835398E+02  -5.5620000000000000E+03
   3.3466653984027403E+02  -5.5580000000000000E+03
   3.3503260799210398E+02  -5.5540000000000000E+03
   3.3539867614402402E+02  -5.5490000000000000E+03
   3.3576474429594401E+02  -5.5460000000000000E+03
   3.3613081244777601E+02  -5.5430000000000000E+03
   3.3649688059969600E+02  -5.5400000000000000E+03
   3.3686294875161400E+02  -5.5340000000000000E+03
   3.3722901690344702E+02  -5.5280000000000000E+03
   3.3759508505536701E+02  -5.5220000000000000E+03
   3.3796115320728700E+02  -5.5130000000000000E+03
   3.3832722135911700E+02  -5.5080000000000000E+03
   3.3869328951103699E+02  -5.4990000000000000E+03
   3.3905935766295698E+02  -5.4870000000000000E+03
   3.3942542581479000E+02  -5.4730000000000000E+03
   3.3979149396670999E+02  -5.4580000000000000E+03
   3.4015756211862998E+02  -5.4440000000000000E+03
   3.4052363027045999E+02  -5.4310000000000000E+03
   3.4088969842237998E+02  -5.4170000000000000E+03
   3.4125576657430003E+02  -5.4030000000000000E+03
   3.4162183472613299E+02  -5.3900000000000000E+03
   3.4198790287805298E+02  -5.3770000000000000E+03
   3.4235397102997001E+02  -5.3680000000000000E+03
   3.4272003918180297E+02  -5.3650000000000000E+03
   3.4308610733372302E+02  -5.3640000000000000E+03
   3.4345217548564301E+02  -5.3630000000000000E+03
   3.4381824363747302E+02  -5.3610000000000000E+03
   3.4418431178939301E+02  -5.3600000000000000E+03
   3.4455037994131300E+02  -5.3610000000000000E+03
   3.4491644809314602E+02  -5.3620000000000000E+03
   3.4528251624506601E+02  -5.3620000000000000E+03
   3.4564858439698600E+02  -5.3620000000000000E+03
   3.4601465254881600E+02  -5.3620000000000000E+03
   3.4638072070073599E+02  -5.3660000000000000E+03
   3.4674678885265598E+02  -5.3710000000000000E+03
   3.4711285700448900E+02  -5.3770000000000000E+03
   3.4747892515640899E+02  -5.3810000000000000E+03
   3.4784499330832602E+02  -5.3810000000000000E+03
   3.4821106146015899E+02  -5.3770000000000000E+03
   3.4857712961207898E+02  -5.3710000000000000E+03
   3.4894319776399902E+02  -5.3650000000000000E+03
   3.4930926591582897E+02  -5.3580000000000000E+03
   3.4967533406774902E+02  -5.3520000000000000E+03
   3.5004140221966901E+02  -5.3480000000000000E+03
   3.5040747037150197E+02  -5.3450000000000000E+03
   3.5077353852342202E+02  -5.3400000000000000E+03
   3.5113960667534201E+02  -5.3370000000000000E+03
   3.5150567482717202E+02  -5.3340000000000000E+03
   3.5187174297909201E+02  -5.3340000000000000E+03
   3.5223781113101199E+02  -5.3390000000000000E+03
   3.5260387928284501E+02  -5.3460000000000000E+03
   3.5296994743476500E+02  -5.3520000000000000E+03
   3.5333601558668198E+02  -5.3570000000000000E+03
   3.5370208373851500E+02  -5.3560000000000000E+03
   3.5406815189043499E+02  -5.3520000000000000E+03
   3.5443422004235498E+02  -5.3460000000000000E+03
   3.5480028819418499E+02  -5.3390000000000000E+03
   3.5516635634610498E+02  -5.3330000000000000E+03
   3.5553242449802502E+02  -5.3320000000000000E+03
   3.5589849264985799E+02  -5.3350000000000000E+03
   3.5626456080177798E+02  -5.3450000000000000E+03
   3.5663062895369802E+02  -5.3510000000000000E+03
