   0.0000000000000000   1.3200000000000000E+02
   0.8000000000000007   2.5600000000000000E+02
   1.0000000000000000   1.6000000000000000E+02
   1.6999999999999993  41.7000000000000028
   1.8000000000000007  61.6000000000000014
   2.0000000000000000  40.0000000000000000
   2.2300000000000004  30.1000000000000014
   3.0000000000000000  33.2000000000000028
   4.0000000000000000  35.2000000000000028
   5.0000000000000000  34.5000000000000000
   5.5999999999999996  23.0000000000000000
   6.0000000000000000  20.6999999999999993
   7.0000000000000000  20.1000000000000014
   8.0000000000000000  14.4000000000000004
   9.0000000000000000  11.1999999999999993
   9.6999999999999993   7.7999999999999998
  10.0000000000000000   7.0000000000000000
  10.3000000000000007   6.0000000000000000
  10.4499999999999993   6.7999999999999998
  10.5999999999999996   6.0000000000000000
  10.6999999999999993   5.4000000000000004
  10.8000000000000007   7.0000000000000000
  11.0999999999999996   5.4000000000000004
  11.1999999999999993   3.5000000000000000
  11.3499999999999996   2.0000000000000000
  11.5000000000000000   2.0000000000000000
  11.6999999999999993   3.5000000000000000
  11.8499999999999996   8.3000000000000007
  12.0000000000000000   2.0000000000000000
  13.6999999999999993  -3.0000000000000000
  13.7070000000000007  -5.0000000000000000
  13.7189999999999994  -5.0000000000000000
  14.2080000000000002 -10.0000000000000000
  14.2200000000000006 -10.0000000000000000
  14.7089999999999996 -15.0000000000000000
  14.7200000000000006 -14.0000000000000000
  15.2089999999999996 -18.0000000000000000
  15.2200000000000006 -17.0000000000000000
  15.7200000000000006 -19.0000000000000000
  16.2220000000000013 -20.0000000000000000
  16.7220000000000013 -24.0000000000000000
  17.2220000000000013 -24.0000000000000000
  17.7240000000000002 -26.0000000000000000
  18.2240000000000002 -28.0000000000000000
  18.7240000000000002 -29.0000000000000000
  19.2240000000000002 -30.0000000000000000
  19.2360000000000007 -30.0000000000000000
  19.7240000000000002 -33.0000000000000000
  19.7370000000000019 -32.0000000000000000
  20.2259999999999991 -34.0000000000000000
  20.2370000000000019 -34.0000000000000000
  20.7259999999999991 -36.0000000000000000
  20.7370000000000019 -35.0000000000000000
  21.2360000000000007 -39.0000000000000000
  21.2379999999999995 -39.0000000000000000
  21.7259999999999991 -42.0000000000000000
  21.7390000000000008 -41.0000000000000000
  22.2280000000000015 -44.0000000000000000
  22.2390000000000008 -43.0000000000000000
  22.7280000000000015 -47.0000000000000000
  22.7400000000000020 -47.0000000000000000
  23.2280000000000015 -50.0000000000000000
  23.2400000000000020 -50.0000000000000000
  23.7300000000000004 -54.0000000000000000
  23.7409999999999997 -54.0000000000000000
  24.2300000000000004 -58.0000000000000000
  24.2409999999999997 -58.0000000000000000
  24.7300000000000004 -62.0000000000000000
  24.7420000000000009 -62.0000000000000000
  25.2310000000000016 -65.0000000000000000
  25.2420000000000009 -65.0000000000000000
  25.7310000000000016 -69.0000000000000000
  25.7430000000000021 -70.0000000000000000
  26.2319999999999993 -73.0000000000000000
  26.2439999999999998 -72.0000000000000000
  26.7330000000000005 -75.0000000000000000
  26.7430000000000021 -74.0000000000000000
  27.2330000000000005 -78.0000000000000000
  27.2439999999999998 -77.0000000000000000
  27.7330000000000005 -81.0000000000000000
  27.7449999999999974 -80.0000000000000000
  28.2340000000000018 -84.0000000000000000
  28.2459999999999987 -83.0000000000000000
  28.7349999999999994 -86.0000000000000000
  28.7459999999999987 -86.0000000000000000
  29.2349999999999994 -90.0000000000000000
  29.2459999999999987 -88.0000000000000000
  29.7349999999999994 -91.0000000000000000
  29.7459999999999987 -90.0000000000000000
  30.2360000000000007 -93.0000000000000000
  30.2469999999999999 -93.0000000000000000
  30.7369999999999983 -95.0000000000000000
  30.7480000000000011 -94.0000000000000000
  31.2369999999999983 -98.0000000000000000
  31.2480000000000011 -97.0000000000000000
  31.7369999999999983  -1.0000000000000000E+02
  31.7500000000000000  -1.0000000000000000E+02
  32.2390000000000043  -1.0100000000000000E+02
  32.2500000000000000  -1.0000000000000000E+02
  32.7390000000000043  -1.0400000000000000E+02
  32.7500000000000000  -1.0200000000000000E+02
  33.2390000000000043  -1.0600000000000000E+02
  33.2500000000000000  -1.0400000000000000E+02
  33.7390000000000043  -1.0900000000000000E+02
  33.7500000000000000  -1.0800000000000000E+02
  34.2409999999999997  -1.1100000000000000E+02
  34.2519999999999953  -1.1100000000000000E+02
  34.7409999999999997  -1.1600000000000000E+02
  34.7519999999999953  -1.1500000000000000E+02
  35.2409999999999997  -1.2000000000000000E+02
  35.2530000000000001  -1.1900000000000000E+02
  35.7420000000000044  -1.2500000000000000E+02
  35.7530000000000001  -1.2400000000000000E+02
  36.2429999999999950  -1.3000000000000000E+02
  36.2540000000000049  -1.3100000000000000E+02
  36.7439999999999998  -1.3200000000000000E+02
  36.7549999999999955  -1.3200000000000000E+02
  37.2429999999999950  -1.3600000000000000E+02
  37.2540000000000049  -1.3400000000000000E+02
  37.7549999999999955  -1.3700000000000000E+02
  38.2560000000000002  -1.4000000000000000E+02
  38.7560000000000002  -1.4500000000000000E+02
  39.2570000000000050  -1.4800000000000000E+02
  39.7570000000000050  -1.5700000000000000E+02
  40.2570000000000050  -1.5800000000000000E+02
  40.7590000000000003  -1.6900000000000000E+02
  41.2590000000000003  -1.7500000000000000E+02
  41.2699999999999960  -1.6700000000000000E+02
  41.7590000000000003  -1.8400000000000000E+02
  41.7699999999999960  -1.8000000000000000E+02
  42.2590000000000003  -2.0000000000000000E+02
  42.2719999999999985  -1.7900000000000000E+02
  42.7609999999999957  -2.2500000000000000E+02
  42.7719999999999985  -2.1200000000000000E+02
  43.2609999999999957  -2.4200000000000000E+02
  43.2719999999999985  -2.2400000000000000E+02
  43.7609999999999957  -2.5700000000000000E+02
  43.7729999999999961  -2.4400000000000000E+02
  44.2620000000000005  -2.7400000000000000E+02
  44.2730000000000032  -2.6800000000000000E+02
  44.7629999999999981  -2.9900000000000000E+02
  44.7740000000000009  -2.8300000000000000E+02
  45.2629999999999981  -3.1900000000000000E+02
  45.2740000000000009  -3.0400000000000000E+02
  45.7629999999999981  -3.4600000000000000E+02
  45.7740000000000009  -3.2300000000000000E+02
  46.2640000000000029  -3.6100000000000000E+02
  46.2749999999999986  -3.4600000000000000E+02
  46.7640000000000029  -3.8600000000000000E+02
  46.7760000000000034  -3.8000000000000000E+02
  47.2650000000000006  -4.0400000000000000E+02
  47.2770000000000010  -3.8200000000000000E+02
  47.7659999999999982  -4.2100000000000000E+02
  47.7760000000000034  -4.0200000000000000E+02
  48.2659999999999982  -4.4800000000000000E+02
  48.2770000000000010  -4.2500000000000000E+02
  48.7659999999999982  -4.6100000000000000E+02
  48.7770000000000010  -4.4100000000000000E+02
  49.2670000000000030  -4.6900000000000000E+02
  49.2779999999999987  -4.4900000000000000E+02
  49.7670000000000030  -4.8800000000000000E+02
  49.7790000000000035  -4.6700000000000000E+02
  50.2680000000000007  -4.9800000000000000E+02
  50.2790000000000035  -4.9300000000000000E+02
  50.7680000000000007  -5.2000000000000000E+02
  50.7800000000000011  -5.0600000000000000E+02
  51.2680000000000007  -5.3700000000000000E+02
  51.2800000000000011  -5.2500000000000000E+02
  51.7700000000000031  -5.8200000000000000E+02
  51.7809999999999988  -5.3900000000000000E+02
  52.2700000000000031  -5.6100000000000000E+02
  52.2809999999999988  -5.4200000000000000E+02
  52.7700000000000031  -5.8000000000000000E+02
  52.7809999999999988  -5.6200000000000000E+02
  53.2700000000000031  -5.8800000000000000E+02
  53.2830000000000013  -5.7000000000000000E+02
  53.7719999999999985  -5.8500000000000000E+02
  53.7830000000000013  -5.7300000000000000E+02
  54.2719999999999985  -6.1200000000000000E+02
  54.2830000000000013  -6.1900000000000000E+02
  54.7719999999999985  -6.1400000000000000E+02
  54.7839999999999989  -6.0600000000000000E+02
  55.2730000000000032  -6.4100000000000000E+02
  55.2839999999999989  -6.2100000000000000E+02
  55.7740000000000009  -6.5200000000000000E+02
  55.7849999999999966  -6.3300000000000000E+02
  56.2740000000000009  -6.5200000000000000E+02
  56.2849999999999966  -6.4500000000000000E+02
  56.7740000000000009  -6.5800000000000000E+02
  56.7849999999999966  -6.5800000000000000E+02
  57.2740000000000009  -6.8100000000000000E+02
  57.2860000000000014  -6.7700000000000000E+02
  57.7749999999999986  -7.0400000000000000E+02
  57.7860000000000014  -6.9000000000000000E+02
  58.2760000000000034  -7.0300000000000000E+02
  58.2869999999999990  -6.8300000000000000E+02
  58.7770000000000010  -7.0000000000000000E+02
  58.7879999999999967  -6.8400000000000000E+02
  59.2770000000000010  -6.9800000000000000E+02
  59.2879999999999967  -6.8100000000000000E+02
  59.7770000000000010  -7.0800000000000000E+02
  59.7879999999999967  -6.8400000000000000E+02
  60.2890000000000015  -6.8400000000000000E+02
  60.7899999999999991  -7.1100000000000000E+02
  61.2899999999999991  -7.3500000000000000E+02
  61.7899999999999991  -7.4200000000000000E+02
  62.2909999999999968  -7.3800000000000000E+02
  62.7920000000000016  -7.4000000000000000E+02
  63.2920000000000016  -7.5400000000000000E+02
  63.3029999999999973  -7.6000000000000000E+02
  63.7920000000000016  -7.7400000000000000E+02
  63.8040000000000020  -7.8200000000000000E+02
  64.2930000000000064  -7.9300000000000000E+02
  64.3040000000000020  -8.0500000000000000E+02
  64.7939999999999969  -7.9400000000000000E+02
  64.8050000000000068  -7.8800000000000000E+02
  65.2939999999999969  -7.9400000000000000E+02
  65.3059999999999974  -7.6700000000000000E+02
  65.7950000000000017  -8.0500000000000000E+02
  65.8059999999999974  -7.9700000000000000E+02
  66.2950000000000017  -8.2200000000000000E+02
  66.3059999999999974  -8.3100000000000000E+02
  66.7950000000000017  -8.4300000000000000E+02
  66.8059999999999974  -8.2500000000000000E+02
  67.2959999999999923  -8.3500000000000000E+02
  67.3070000000000022  -8.3000000000000000E+02
  67.7959999999999923  -8.4600000000000000E+02
  67.8079999999999927  -8.4600000000000000E+02
  68.2969999999999970  -8.5400000000000000E+02
  68.3079999999999927  -8.4800000000000000E+02
  68.7969999999999970  -8.6100000000000000E+02
  68.8079999999999927  -8.4200000000000000E+02
  69.2969999999999970  -8.7000000000000000E+02
  69.3079999999999927  -8.6600000000000000E+02
  69.7980000000000018  -8.8300000000000000E+02
  69.8100000000000023  -8.7600000000000000E+02
  70.2990000000000066  -8.8800000000000000E+02
  70.3100000000000023  -8.7400000000000000E+02
  70.7990000000000066  -8.8800000000000000E+02
  70.8110000000000070  -8.7900000000000000E+02
  71.2990000000000066  -8.9800000000000000E+02
  71.3100000000000023  -8.8800000000000000E+02
  71.8010000000000019  -9.1100000000000000E+02
  71.8119999999999976  -9.0800000000000000E+02
  72.3010000000000019  -9.2300000000000000E+02
  72.3119999999999976  -9.2600000000000000E+02
  72.8010000000000019  -9.3200000000000000E+02
  72.8130000000000024  -9.2700000000000000E+02
  73.3010000000000019  -9.3200000000000000E+02
  73.3130000000000024  -9.2600000000000000E+02
  73.8019999999999925  -9.2900000000000000E+02
  73.8130000000000024  -9.2600000000000000E+02
  74.3029999999999973  -9.4400000000000000E+02
  74.3139999999999930  -9.3600000000000000E+02
  74.8029999999999973  -9.5500000000000000E+02
  74.8139999999999930  -9.4900000000000000E+02
  75.3029999999999973  -9.6600000000000000E+02
  75.3149999999999977  -9.6200000000000000E+02
  75.8040000000000020  -9.7000000000000000E+02
  75.8149999999999977  -9.6800000000000000E+02
  76.3040000000000020  -9.7500000000000000E+02
  76.3149999999999977  -9.7400000000000000E+02
  76.8050000000000068  -9.8100000000000000E+02
  76.8169999999999931  -9.7900000000000000E+02
  77.3059999999999974  -9.8600000000000000E+02
  77.3169999999999931  -9.8400000000000000E+02
  77.8059999999999974  -9.9300000000000000E+02
  77.8169999999999931  -9.9000000000000000E+02
  78.3059999999999974  -1.0000000000000000E+03
  78.3169999999999931  -9.9800000000000000E+02
  78.8059999999999974  -1.0100000000000000E+03
  78.8169999999999931  -1.0100000000000000E+03
  79.3059999999999974  -1.0100000000000000E+03
  79.3190000000000026  -1.0100000000000000E+03
  79.8080000000000069  -1.0100000000000000E+03
  79.8190000000000026  -1.0100000000000000E+03
  80.3080000000000069  -1.0100000000000000E+03
  80.3190000000000026  -1.0100000000000000E+03
  80.8080000000000069  -1.0200000000000000E+03
  80.8190000000000026  -1.0200000000000000E+03
  81.3089999999999975  -1.0200000000000000E+03
  81.3199999999999932  -1.0200000000000000E+03
  81.8100000000000023  -1.0200000000000000E+03
  81.8209999999999980  -1.0200000000000000E+03
  82.3209999999999980  -1.0200000000000000E+03
  82.8220000000000027  -1.0300000000000000E+03
  83.3220000000000027  -1.0300000000000000E+03
  83.8220000000000027  -1.0300000000000000E+03
  84.3239999999999981  -1.0300000000000000E+03
  84.8239999999999981  -1.0300000000000000E+03
  84.8349999999999937  -1.0300000000000000E+03
  85.3239999999999981  -1.0300000000000000E+03
  85.3349999999999937  -1.0300000000000000E+03
  85.8239999999999981  -1.0300000000000000E+03
  85.8349999999999937  -1.0300000000000000E+03
  86.3239999999999981  -1.0300000000000000E+03
  86.3370000000000033  -1.0300000000000000E+03
  86.8259999999999934  -1.0300000000000000E+03
  86.8370000000000033  -1.0300000000000000E+03
  87.3259999999999934  -1.0300000000000000E+03
  87.3370000000000033  -1.0300000000000000E+03
  87.8259999999999934  -1.0300000000000000E+03
  87.8379999999999939  -1.0300000000000000E+03
  88.3269999999999982  -1.0300000000000000E+03
  88.3379999999999939  -1.0300000000000000E+03
  88.8269999999999982  -1.0300000000000000E+03
  88.8389999999999986  -1.0300000000000000E+03
  89.3280000000000030  -1.0300000000000000E+03
  89.3389999999999986  -1.0300000000000000E+03
  89.8280000000000030  -1.0300000000000000E+03
  89.8389999999999986  -1.0300000000000000E+03
  90.3280000000000030  -1.0300000000000000E+03
  90.3400000000000034  -1.0300000000000000E+03
  90.8289999999999935  -1.0300000000000000E+03
  90.8400000000000034  -1.0300000000000000E+03
  91.3289999999999935  -1.0400000000000000E+03
  91.3400000000000034  -1.0400000000000000E+03
  91.8299999999999983  -1.0400000000000000E+03
  91.8409999999999940  -1.0400000000000000E+03
  92.3299999999999983  -1.0400000000000000E+03
  92.3419999999999987  -1.0400000000000000E+03
  92.8310000000000031  -1.0400000000000000E+03
  92.8419999999999987  -1.0400000000000000E+03
  93.3310000000000031  -1.0300000000000000E+03
  93.3419999999999987  -1.0300000000000000E+03
  93.8310000000000031  -1.0400000000000000E+03
  93.8419999999999987  -1.0400000000000000E+03
  94.3310000000000031  -1.0400000000000000E+03
  94.3430000000000035  -1.0400000000000000E+03
  94.8319999999999936  -1.0400000000000000E+03
  94.8439999999999941  -1.0400000000000000E+03
  95.3329999999999984  -1.0300000000000000E+03
  95.3439999999999941  -1.0300000000000000E+03
  95.8329999999999984  -1.0200000000000000E+03
  95.8439999999999941  -1.0200000000000000E+03
  96.3329999999999984  -1.0200000000000000E+03
  96.3449999999999989  -1.0200000000000000E+03
  96.8349999999999937  -1.0300000000000000E+03
  96.8460000000000036  -1.0300000000000000E+03
  97.3340000000000032  -1.0300000000000000E+03
  97.3460000000000036  -1.0300000000000000E+03
  97.8349999999999937  -1.0300000000000000E+03
  97.8460000000000036  -1.0300000000000000E+03
  98.3349999999999937  -1.0300000000000000E+03
  98.3460000000000036  -1.0300000000000000E+03
  98.8359999999999985  -1.0300000000000000E+03
  98.8469999999999942  -1.0300000000000000E+03
  99.3359999999999985  -1.0300000000000000E+03
  99.3479999999999990  -1.0300000000000000E+03
  99.8370000000000033  -1.0300000000000000E+03
  99.8490000000000038  -1.0300000000000000E+03
   1.0033799999999999E+02  -1.0200000000000000E+03
   1.0034900000000000E+02  -1.0200000000000000E+03
   1.0083799999999999E+02  -1.0200000000000000E+03
   1.0084900000000000E+02  -1.0200000000000000E+03
   1.0133799999999999E+02  -1.0200000000000000E+03
   1.0134900000000000E+02  -1.0200000000000000E+03
   1.0183799999999999E+02  -1.0200000000000000E+03
   1.0185100000000000E+02  -1.0100000000000000E+03
   1.0233799999999999E+02  -1.0100000000000000E+03
   1.0235100000000000E+02  -1.0100000000000000E+03
   1.0284000000000000E+02  -1.0100000000000000E+03
   1.0285100000000000E+02  -1.0100000000000000E+03
   1.0334000000000000E+02  -1.0100000000000000E+03
   1.0335100000000000E+02  -1.0100000000000000E+03
   1.0384000000000000E+02  -1.0100000000000000E+03
   1.0385100000000000E+02  -1.0100000000000000E+03
   1.0435200000000000E+02  -1.0000000000000000E+03
   1.0485299999999999E+02  -1.0000000000000000E+03
   1.0535299999999999E+02  -9.9900000000000000E+02
   1.0585299999999999E+02  -9.9300000000000000E+02
   1.0635299999999999E+02  -9.8900000000000000E+02
   1.0685400000000000E+02  -9.8000000000000000E+02
   1.0686499999999999E+02  -9.8100000000000000E+02
   1.0735500000000000E+02  -9.8000000000000000E+02
   1.0736600000000000E+02  -9.8000000000000000E+02
   1.0785599999999999E+02  -9.8100000000000000E+02
   1.0786700000000000E+02  -9.8300000000000000E+02
   1.0835599999999999E+02  -9.8300000000000000E+02
   1.0836700000000000E+02  -9.8500000000000000E+02
   1.0885500000000000E+02  -9.8000000000000000E+02
   1.0886700000000000E+02  -9.8000000000000000E+02
   1.0935599999999999E+02  -9.7500000000000000E+02
   1.0936700000000000E+02  -9.7900000000000000E+02
   1.0985599999999999E+02  -9.6700000000000000E+02
   1.0986700000000000E+02  -9.6900000000000000E+02
   1.1035599999999999E+02  -9.6000000000000000E+02
   1.1036900000000000E+02  -9.6200000000000000E+02
   1.1085800000000000E+02  -9.5600000000000000E+02
   1.1086900000000000E+02  -9.5900000000000000E+02
   1.1135800000000000E+02  -9.5300000000000000E+02
   1.1136900000000000E+02  -9.5900000000000000E+02
   1.1185800000000000E+02  -9.5800000000000000E+02
   1.1187000000000000E+02  -9.5900000000000000E+02
   1.1235800000000000E+02  -9.6400000000000000E+02
   1.1236900000000000E+02  -9.6500000000000000E+02
   1.1285800000000000E+02  -9.7000000000000000E+02
   1.1287100000000000E+02  -9.7100000000000000E+02
   1.1336000000000000E+02  -9.7600000000000000E+02
   1.1337100000000000E+02  -9.7700000000000000E+02
   1.1386000000000000E+02  -9.8400000000000000E+02
   1.1387100000000000E+02  -9.8300000000000000E+02
   1.1436000000000000E+02  -9.8500000000000000E+02
   1.1437200000000000E+02  -9.8600000000000000E+02
   1.1486000000000000E+02  -9.8400000000000000E+02
   1.1487200000000000E+02  -9.8300000000000000E+02
   1.1536100000000000E+02  -9.8500000000000000E+02
   1.1537200000000000E+02  -9.8400000000000000E+02
   1.1586100000000000E+02  -9.8800000000000000E+02
   1.1587300000000000E+02  -9.8600000000000000E+02
   1.1636199999999999E+02  -9.9100000000000000E+02
   1.1637300000000000E+02  -9.8900000000000000E+02
   1.1686199999999999E+02  -9.9700000000000000E+02
   1.1687400000000000E+02  -9.9300000000000000E+02
   1.1736199999999999E+02  -1.0000000000000000E+03
   1.1737400000000000E+02  -9.9100000000000000E+02
   1.1786300000000000E+02  -1.0000000000000000E+03
   1.1787400000000000E+02  -9.8800000000000000E+02
   1.1836300000000000E+02  -9.8600000000000000E+02
   1.1837400000000000E+02  -9.6600000000000000E+02
   1.1886300000000000E+02  -9.9200000000000000E+02
   1.1887600000000000E+02  -9.6100000000000000E+02
   1.1936499999999999E+02  -1.0000000000000000E+03
   1.1937600000000000E+02  -9.7000000000000000E+02
   1.1986400000000000E+02  -1.0200000000000000E+03
   1.1987600000000000E+02  -9.8000000000000000E+02
   1.2036499999999999E+02  -1.0500000000000000E+03
   1.2037600000000000E+02  -1.0200000000000000E+03
   1.2086499999999999E+02  -1.0500000000000000E+03
   1.2087600000000000E+02  -1.0500000000000000E+03
   1.2136600000000000E+02  -1.0400000000000000E+03
   1.2137700000000000E+02  -1.0500000000000000E+03
   1.2186700000000000E+02  -1.0400000000000000E+03
   1.2187800000000000E+02  -1.0400000000000000E+03
   1.2236700000000000E+02  -1.0400000000000000E+03
   1.2237800000000000E+02  -1.0400000000000000E+03
   1.2286700000000000E+02  -1.0400000000000000E+03
   1.2287900000000000E+02  -1.0400000000000000E+03
   1.2336700000000000E+02  -1.0400000000000000E+03
   1.2337900000000000E+02  -1.0400000000000000E+03
   1.2386799999999999E+02  -1.0400000000000000E+03
   1.2387900000000000E+02  -1.0400000000000000E+03
   1.2436799999999999E+02  -1.0400000000000000E+03
   1.2437900000000000E+02  -1.0400000000000000E+03
   1.2486799999999999E+02  -1.0500000000000000E+03
   1.2488000000000000E+02  -1.0500000000000000E+03
   1.2536900000000000E+02  -1.0400000000000000E+03
   1.2538000000000000E+02  -1.0500000000000000E+03
   1.2586900000000000E+02  -1.0200000000000000E+03
   1.2588100000000000E+02  -1.0200000000000000E+03
   1.2638100000000000E+02  -9.7600000000000000E+02
   1.2688100000000000E+02  -9.1500000000000000E+02
   1.2738100000000000E+02  -8.7000000000000000E+02
   1.2788200000000001E+02  -8.7200000000000000E+02
   1.2838299999999998E+02  -9.0700000000000000E+02
   1.2888299999999998E+02  -9.7500000000000000E+02
   1.2889400000000001E+02  -9.2400000000000000E+02
   1.2938299999999998E+02  -1.0100000000000000E+03
   1.2939499999999998E+02  -9.8900000000000000E+02
   1.2988400000000001E+02  -9.9100000000000000E+02
   1.2989400000000001E+02  -9.8800000000000000E+02
   1.3038299999999998E+02  -9.5800000000000000E+02
   1.3039600000000002E+02  -9.7100000000000000E+02
   1.3088499999999999E+02  -8.9400000000000000E+02
   1.3089600000000002E+02  -9.2400000000000000E+02
   1.3138499999999999E+02  -8.2900000000000000E+02
   1.3139600000000002E+02  -8.6400000000000000E+02
   1.3188499999999999E+02  -7.8900000000000000E+02
   1.3189699999999999E+02  -8.2100000000000000E+02
   1.3238499999999999E+02  -7.3700000000000000E+02
   1.3239600000000002E+02  -7.9500000000000000E+02
   1.3288499999999999E+02  -7.3200000000000000E+02
   1.3289699999999999E+02  -7.7100000000000000E+02
   1.3338600000000000E+02  -7.8400000000000000E+02
   1.3339699999999999E+02  -7.6900000000000000E+02
   1.3388600000000000E+02  -8.8000000000000000E+02
   1.3389800000000000E+02  -7.8900000000000000E+02
   1.3438700000000000E+02  -9.1100000000000000E+02
   1.3439900000000000E+02  -8.7300000000000000E+02
   1.3488700000000000E+02  -9.2300000000000000E+02
   1.3489800000000000E+02  -9.1800000000000000E+02
   1.3538700000000000E+02  -9.7200000000000000E+02
   1.3539900000000000E+02  -9.6200000000000000E+02
   1.3588800000000001E+02  -1.0400000000000000E+03
   1.3589900000000000E+02  -1.0100000000000000E+03
   1.3638800000000001E+02  -1.0600000000000000E+03
   1.3639900000000000E+02  -1.0500000000000000E+03
   1.3688800000000001E+02  -1.0500000000000000E+03
   1.3689900000000000E+02  -1.0400000000000000E+03
   1.3738999999999999E+02  -1.0400000000000000E+03
   1.3740100000000001E+02  -1.0100000000000000E+03
   1.3788999999999999E+02  -1.0300000000000000E+03
   1.3790100000000001E+02  -1.0000000000000000E+03
   1.3838999999999999E+02  -1.0200000000000000E+03
   1.3840100000000001E+02  -1.0100000000000000E+03
   1.3888999999999999E+02  -1.0300000000000000E+03
   1.3890100000000001E+02  -1.0200000000000000E+03
   1.3938999999999999E+02  -1.0500000000000000E+03
   1.3940100000000001E+02  -1.0400000000000000E+03
   1.3988999999999999E+02  -9.9400000000000000E+02
   1.3990100000000001E+02  -1.0400000000000000E+03
   1.4039200000000000E+02  -9.1700000000000000E+02
   1.4040299999999999E+02  -9.5800000000000000E+02
   1.4089200000000000E+02  -9.0000000000000000E+02
   1.4090299999999999E+02  -9.1400000000000000E+02
   1.4139200000000000E+02  -9.2000000000000000E+02
   1.4140299999999999E+02  -9.3500000000000000E+02
   1.4189200000000000E+02  -9.5100000000000000E+02
   1.4190400000000000E+02  -9.8300000000000000E+02
   1.4239200000000000E+02  -9.8800000000000000E+02
   1.4240299999999999E+02  -1.0300000000000000E+03
   1.4289200000000000E+02  -1.0500000000000000E+03
   1.4290400000000000E+02  -1.0600000000000000E+03
   1.4339300000000000E+02  -1.1000000000000000E+03
   1.4340500000000000E+02  -1.1100000000000000E+03
   1.4389400000000001E+02  -1.1600000000000000E+03
   1.4390500000000000E+02  -1.1600000000000000E+03
   1.4439400000000001E+02  -1.2200000000000000E+03
   1.4440500000000000E+02  -1.1900000000000000E+03
   1.4489500000000001E+02  -1.2800000000000000E+03
   1.4490600000000001E+02  -1.2600000000000000E+03
   1.4539500000000001E+02  -1.3000000000000000E+03
   1.4540600000000001E+02  -1.3000000000000000E+03
   1.4589500000000001E+02  -1.3100000000000000E+03
   1.4590600000000001E+02  -1.3000000000000000E+03
   1.4639500000000001E+02  -1.3100000000000000E+03
   1.4640600000000001E+02  -1.3100000000000000E+03
   1.4689500000000001E+02  -1.3000000000000000E+03
   1.4690600000000001E+02  -1.3100000000000000E+03
   1.4739599999999999E+02  -1.3000000000000000E+03
   1.4740799999999999E+02  -1.3000000000000000E+03
   1.4789599999999999E+02  -1.2800000000000000E+03
   1.4790799999999999E+02  -1.2800000000000000E+03
   1.4840799999999999E+02  -1.3100000000000000E+03
   1.4890799999999999E+02  -1.3300000000000000E+03
   1.4940799999999999E+02  -1.3400000000000000E+03
   1.4990899999999999E+02  -1.3400000000000000E+03
   1.5041000000000000E+02  -1.3300000000000000E+03
   1.5091000000000000E+02  -1.3100000000000000E+03
   1.5092099999999999E+02  -1.3100000000000000E+03
   1.5141000000000000E+02  -1.2800000000000000E+03
   1.5142099999999999E+02  -1.2800000000000000E+03
   1.5191000000000000E+02  -1.2600000000000000E+03
   1.5192200000000000E+02  -1.2600000000000000E+03
   1.5241100000000000E+02  -1.2300000000000000E+03
   1.5242200000000000E+02  -1.2300000000000000E+03
   1.5291000000000000E+02  -1.2500000000000000E+03
   1.5292200000000000E+02  -1.2500000000000000E+03
   1.5341100000000000E+02  -1.3200000000000000E+03
   1.5342300000000000E+02  -1.2900000000000000E+03
   1.5391200000000001E+02  -1.3900000000000000E+03
   1.5392300000000000E+02  -1.3800000000000000E+03
   1.5441200000000001E+02  -1.4700000000000000E+03
   1.5442300000000000E+02  -1.4600000000000000E+03
   1.5491200000000001E+02  -1.4800000000000000E+03
   1.5492300000000000E+02  -1.4400000000000000E+03
   1.5541200000000001E+02  -1.4300000000000000E+03
   1.5542400000000001E+02  -1.3800000000000000E+03
   1.5591300000000001E+02  -1.4000000000000000E+03
   1.5592400000000001E+02  -1.3500000000000000E+03
   1.5641300000000001E+02  -1.3700000000000000E+03
   1.5642400000000001E+02  -1.3500000000000000E+03
   1.5691300000000001E+02  -1.3600000000000000E+03
   1.5692599999999999E+02  -1.3200000000000000E+03
   1.5741300000000001E+02  -1.4100000000000000E+03
   1.5742599999999999E+02  -1.3400000000000000E+03
   1.5791399999999999E+02  -1.4100000000000000E+03
   1.5792500000000001E+02  -1.3900000000000000E+03
   1.5841399999999999E+02  -1.4200000000000000E+03
   1.5842599999999999E+02  -1.4000000000000000E+03
   1.5891499999999999E+02  -1.4400000000000000E+03
   1.5892599999999999E+02  -1.4300000000000000E+03
   1.5941499999999999E+02  -1.4500000000000000E+03
   1.5942599999999999E+02  -1.4500000000000000E+03
   1.5991499999999999E+02  -1.4500000000000000E+03
   1.5992599999999999E+02  -1.4600000000000000E+03
   1.6041499999999999E+02  -1.5000000000000000E+03
   1.6042599999999999E+02  -1.4800000000000000E+03
   1.6091700000000000E+02  -1.6600000000000000E+03
   1.6092800000000000E+02  -1.5700000000000000E+03
   1.6141700000000000E+02  -1.7700000000000000E+03
   1.6142800000000000E+02  -1.7300000000000000E+03
   1.6191700000000000E+02  -1.8100000000000000E+03
   1.6192800000000000E+02  -1.8100000000000000E+03
   1.6241700000000000E+02  -1.8300000000000000E+03
   1.6242800000000000E+02  -1.8100000000000000E+03
   1.6291700000000000E+02  -1.9300000000000000E+03
   1.6292800000000000E+02  -1.9100000000000000E+03
   1.6341700000000000E+02  -2.0100000000000000E+03
   1.6342900000000000E+02  -2.0100000000000000E+03
   1.6391700000000000E+02  -2.0700000000000000E+03
   1.6392900000000000E+02  -2.0600000000000000E+03
   1.6441800000000001E+02  -2.0600000000000000E+03
   1.6443000000000001E+02  -2.0600000000000000E+03
   1.6491900000000001E+02  -2.0500000000000000E+03
   1.6493000000000001E+02  -2.0500000000000000E+03
   1.6541900000000001E+02  -2.0100000000000000E+03
   1.6543000000000001E+02  -1.9900000000000000E+03
   1.6591900000000001E+02  -2.0400000000000000E+03
   1.6593000000000001E+02  -2.0200000000000000E+03
   1.6641900000000001E+02  -2.1000000000000000E+03
   1.6643000000000001E+02  -2.0700000000000000E+03
   1.6691900000000001E+02  -2.1300000000000000E+03
   1.6693000000000001E+02  -2.1100000000000000E+03
   1.6741999999999999E+02  -2.2000000000000000E+03
   1.6743100000000001E+02  -2.1800000000000000E+03
   1.6791999999999999E+02  -2.2300000000000000E+03
   1.6793100000000001E+02  -2.2200000000000000E+03
   1.6841999999999999E+02  -2.2600000000000000E+03
   1.6843199999999999E+02  -2.2500000000000000E+03
   1.6892099999999999E+02  -2.2600000000000000E+03
   1.6893199999999999E+02  -2.2600000000000000E+03
   1.6942099999999999E+02  -2.2700000000000000E+03
   1.6943199999999999E+02  -2.2700000000000000E+03
   1.6992099999999999E+02  -2.2600000000000000E+03
   1.6993199999999999E+02  -2.2700000000000000E+03
   1.7043299999999999E+02  -2.2600000000000000E+03
   1.7093299999999999E+02  -2.2400000000000000E+03
   1.7143299999999999E+02  -2.2400000000000000E+03
   1.7193299999999999E+02  -2.2400000000000000E+03
   1.7243299999999999E+02  -2.2500000000000000E+03
   1.7293400000000000E+02  -2.2500000000000000E+03
   1.7343500000000000E+02  -2.2300000000000000E+03
   1.7393400000000000E+02  -2.2000000000000000E+03
   1.7394600000000000E+02  -2.2600000000000000E+03
   1.7443500000000000E+02  -2.1500000000000000E+03
   1.7444600000000000E+02  -2.2500000000000000E+03
   1.7493500000000000E+02  -2.1300000000000000E+03
   1.7494600000000000E+02  -2.2100000000000000E+03
   1.7494600000000000E+02  -2.1600000000000000E+03
   1.7543500000000000E+02  -2.1500000000000000E+03
   1.7544700000000000E+02  -2.1200000000000000E+03
   1.7593600000000001E+02  -2.2300000000000000E+03
   1.7594800000000001E+02  -2.1700000000000000E+03
   1.7643500000000000E+02  -2.2900000000000000E+03
   1.7644800000000001E+02  -2.2400000000000000E+03
   1.7693600000000001E+02  -2.3300000000000000E+03
   1.7694800000000001E+02  -2.2800000000000000E+03
   1.7743600000000001E+02  -2.3600000000000000E+03
   1.7744800000000001E+02  -2.3000000000000000E+03
   1.7793700000000001E+02  -2.3800000000000000E+03
   1.7794800000000001E+02  -2.3500000000000000E+03
   1.7843700000000001E+02  -2.3900000000000000E+03
   1.7844800000000001E+02  -2.3800000000000000E+03
   1.7893799999999999E+02  -2.4500000000000000E+03
   1.7894800000000001E+02  -2.4000000000000000E+03
   1.7943700000000001E+02  -2.4700000000000000E+03
   1.7944800000000001E+02  -2.4400000000000000E+03
   1.7993799999999999E+02  -2.4700000000000000E+03
   1.7994900000000001E+02  -2.4700000000000000E+03
   1.8043700000000001E+02  -2.4700000000000000E+03
   1.8044800000000001E+02  -2.4800000000000000E+03
   1.8093899999999999E+02  -2.5500000000000000E+03
   1.8094999999999999E+02  -2.5300000000000000E+03
   1.8143899999999999E+02  -2.5900000000000000E+03
   1.8144999999999999E+02  -2.5700000000000000E+03
   1.8193899999999999E+02  -2.6500000000000000E+03
   1.8194999999999999E+02  -2.5900000000000000E+03
   1.8243899999999999E+02  -2.7100000000000000E+03
   1.8245099999999999E+02  -2.6700000000000000E+03
   1.8293899999999999E+02  -2.7700000000000000E+03
   1.8295099999999999E+02  -2.7300000000000000E+03
   1.8343899999999999E+02  -2.7500000000000000E+03
   1.8344999999999999E+02  -2.7400000000000000E+03
   1.8393899999999999E+02  -2.8400000000000000E+03
   1.8395099999999999E+02  -2.8200000000000000E+03
   1.8444000000000000E+02  -2.9000000000000000E+03
   1.8445099999999999E+02  -2.9000000000000000E+03
   1.8494000000000000E+02  -2.9700000000000000E+03
   1.8495200000000000E+02  -2.9700000000000000E+03
   1.8544100000000000E+02  -3.0600000000000000E+03
   1.8545200000000000E+02  -3.0500000000000000E+03
   1.8594100000000000E+02  -3.0900000000000000E+03
   1.8595200000000000E+02  -3.0500000000000000E+03
   1.8644100000000000E+02  -3.1100000000000000E+03
   1.8645200000000000E+02  -3.0800000000000000E+03
   1.8694100000000000E+02  -3.1200000000000000E+03
   1.8695300000000000E+02  -3.1100000000000000E+03
   1.8744100000000000E+02  -3.1100000000000000E+03
   1.8745200000000000E+02  -3.1000000000000000E+03
   1.8794100000000000E+02  -3.0700000000000000E+03
   1.8795300000000000E+02  -3.0700000000000000E+03
   1.8844200000000001E+02  -3.0000000000000000E+03
   1.8845300000000000E+02  -2.9900000000000000E+03
   1.8894200000000001E+02  -2.9700000000000000E+03
   1.8895300000000000E+02  -2.9700000000000000E+03
   1.8944200000000001E+02  -2.9500000000000000E+03
   1.8945400000000001E+02  -2.9400000000000000E+03
   1.8994300000000001E+02  -2.9600000000000000E+03
   1.8995400000000001E+02  -2.9500000000000000E+03
   1.9044300000000001E+02  -2.9800000000000000E+03
   1.9045400000000001E+02  -2.9600000000000000E+03
   1.9094300000000001E+02  -2.9600000000000000E+03
   1.9095400000000001E+02  -2.9500000000000000E+03
   1.9144300000000001E+02  -2.9700000000000000E+03
   1.9145400000000001E+02  -2.9300000000000000E+03
   1.9194300000000001E+02  -3.0400000000000000E+03
   1.9195500000000001E+02  -2.9600000000000000E+03
   1.9245500000000001E+02  -3.0800000000000000E+03
   1.9295500000000001E+02  -3.2600000000000000E+03
   1.9345500000000001E+02  -3.3600000000000000E+03
   1.9395500000000001E+02  -3.5300000000000000E+03
   1.9445599999999999E+02  -3.6100000000000000E+03
   1.9495599999999999E+02  -3.7800000000000000E+03
   1.9496799999999999E+02  -3.7100000000000000E+03
   1.9545599999999999E+02  -3.7000000000000000E+03
   1.9546799999999999E+02  -3.8000000000000000E+03
   1.9595699999999999E+02  -3.8000000000000000E+03
   1.9596799999999999E+02  -3.7000000000000000E+03
   1.9645599999999999E+02  -3.8500000000000000E+03
   1.9646799999999999E+02  -3.8000000000000000E+03
   1.9695699999999999E+02  -3.8000000000000000E+03
   1.9696899999999999E+02  -3.8100000000000000E+03
   1.9745699999999999E+02  -3.7400000000000000E+03
   1.9746799999999999E+02  -3.8000000000000000E+03
   1.9795699999999999E+02  -3.7000000000000000E+03
   1.9796799999999999E+02  -3.7200000000000000E+03
   1.9845699999999999E+02  -3.6700000000000000E+03
   1.9846799999999999E+02  -3.6800000000000000E+03
   1.9895699999999999E+02  -3.6800000000000000E+03
   1.9896899999999999E+02  -3.6500000000000000E+03
   1.9945800000000000E+02  -3.7000000000000000E+03
   1.9946899999999999E+02  -3.6700000000000000E+03
   1.9995800000000000E+02  -3.7700000000000000E+03
   1.9997000000000000E+02  -3.7000000000000000E+03
   2.0045800000000000E+02  -3.8600000000000000E+03
   2.0047000000000000E+02  -3.8000000000000000E+03
   2.0095800000000000E+02  -3.9800000000000000E+03
   2.0097000000000000E+02  -3.9000000000000000E+03
   2.0145900000000000E+02  -4.1000000000000000E+03
   2.0147000000000000E+02  -4.0000000000000000E+03
   2.0195900000000000E+02  -4.1900000000000000E+03
   2.0197000000000000E+02  -4.1400000000000000E+03
   2.0245900000000000E+02  -4.2000000000000000E+03
   2.0247000000000000E+02  -4.2000000000000000E+03
   2.0295900000000000E+02  -4.2600000000000000E+03
   2.0297000000000000E+02  -4.2100000000000000E+03
   2.0345900000000000E+02  -4.2500000000000000E+03
   2.0347000000000000E+02  -4.2400000000000000E+03
   2.0395900000000000E+02  -4.2700000000000000E+03
   2.0397100000000000E+02  -4.2400000000000000E+03
   2.0446000000000001E+02  -4.3000000000000000E+03
   2.0447100000000000E+02  -4.3000000000000000E+03
   2.0496000000000001E+02  -4.3200000000000000E+03
   2.0497100000000000E+02  -4.3200000000000000E+03
   2.0546100000000001E+02  -4.3400000000000000E+03
   2.0547100000000000E+02  -4.3400000000000000E+03
   2.0596100000000001E+02  -4.3800000000000000E+03
   2.0597200000000001E+02  -4.3600000000000000E+03
   2.0646100000000001E+02  -4.4000000000000000E+03
   2.0647200000000001E+02  -4.3800000000000000E+03
   2.0696100000000001E+02  -4.4000000000000000E+03
   2.0697200000000001E+02  -4.4000000000000000E+03
   2.0746100000000001E+02  -4.4200000000000000E+03
   2.0747200000000001E+02  -4.4000000000000000E+03
   2.0796100000000001E+02  -4.4300000000000000E+03
   2.0797200000000001E+02  -4.4200000000000000E+03
   2.0846100000000001E+02  -4.4500000000000000E+03
   2.0847200000000001E+02  -4.4400000000000000E+03
   2.0896100000000001E+02  -4.4600000000000000E+03
   2.0897200000000001E+02  -4.4500000000000000E+03
   2.0946100000000001E+02  -4.4800000000000000E+03
   2.0947300000000001E+02  -4.4700000000000000E+03
   2.0996199999999999E+02  -4.4900000000000000E+03
   2.0997300000000001E+02  -4.4800000000000000E+03
   2.1046199999999999E+02  -4.5000000000000000E+03
   2.1047300000000001E+02  -4.5000000000000000E+03
   2.1096199999999999E+02  -4.5300000000000000E+03
   2.1097300000000001E+02  -4.5000000000000000E+03
   2.1146199999999999E+02  -4.5600000000000000E+03
   2.1147399999999999E+02  -4.5400000000000000E+03
   2.1196199999999999E+02  -4.6000000000000000E+03
   2.1197300000000001E+02  -4.5700000000000000E+03
   2.1246199999999999E+02  -4.6000000000000000E+03
   2.1247399999999999E+02  -4.6000000000000000E+03
   2.1296299999999999E+02  -4.6500000000000000E+03
   2.1297399999999999E+02  -4.6400000000000000E+03
   2.1346299999999999E+02  -4.7000000000000000E+03
   2.1347399999999999E+02  -4.6600000000000000E+03
   2.1396299999999999E+02  -4.7000000000000000E+03
   2.1397399999999999E+02  -4.7000000000000000E+03
   2.1447399999999999E+02  -4.7500000000000000E+03
   2.1497499999999999E+02  -4.8000000000000000E+03
   2.1547499999999999E+02  -4.8300000000000000E+03
   2.1597499999999999E+02  -4.8500000000000000E+03
   2.1647499999999999E+02  -4.8400000000000000E+03
   2.1697499999999999E+02  -4.8600000000000000E+03
   2.1698699999999999E+02  -4.8400000000000000E+03
   2.1747499999999999E+02  -4.8500000000000000E+03
   2.1748699999999999E+02  -4.8600000000000000E+03
   2.1797600000000000E+02  -4.8600000000000000E+03
   2.1798699999999999E+02  -4.8700000000000000E+03
   2.1847600000000000E+02  -4.8700000000000000E+03
   2.1848699999999999E+02  -4.8800000000000000E+03
   2.1897600000000000E+02  -4.8900000000000000E+03
   2.1898699999999999E+02  -4.8900000000000000E+03
   2.1947600000000000E+02  -4.8900000000000000E+03
   2.1948699999999999E+02  -4.8900000000000000E+03
   2.1997600000000000E+02  -4.8900000000000000E+03
   2.1998699999999999E+02  -4.9000000000000000E+03
   2.2047600000000000E+02  -4.9000000000000000E+03
   2.2048800000000000E+02  -4.9000000000000000E+03
   2.2097700000000000E+02  -4.9000000000000000E+03
   2.2098800000000000E+02  -4.9100000000000000E+03
   2.2147700000000000E+02  -4.9100000000000000E+03
   2.2148800000000000E+02  -4.9100000000000000E+03
   2.2197700000000000E+02  -4.9100000000000000E+03
   2.2198800000000000E+02  -4.9100000000000000E+03
   2.2247700000000000E+02  -4.9200000000000000E+03
   2.2248800000000000E+02  -4.9100000000000000E+03
   2.2297700000000000E+02  -4.9100000000000000E+03
   2.2298800000000000E+02  -4.9100000000000000E+03
   2.2347700000000000E+02  -4.9100000000000000E+03
   2.2348800000000000E+02  -4.9100000000000000E+03
   2.2397700000000000E+02  -4.9000000000000000E+03
   2.2398800000000000E+02  -4.9000000000000000E+03
   2.2447700000000000E+02  -4.9000000000000000E+03
   2.2448900000000000E+02  -4.9000000000000000E+03
   2.2497700000000000E+02  -4.9000000000000000E+03
   2.2498800000000000E+02  -4.9000000000000000E+03
   2.2547700000000000E+02  -4.9000000000000000E+03
   2.2548800000000000E+02  -4.9000000000000000E+03
   2.2597700000000000E+02  -4.9000000000000000E+03
   2.2598800000000000E+02  -4.9000000000000000E+03
   2.2647700000000000E+02  -4.9000000000000000E+03
   2.2649000000000001E+02  -4.9000000000000000E+03
   2.2697700000000000E+02  -4.9000000000000000E+03
   2.2699000000000001E+02  -4.9000000000000000E+03
   2.2747700000000000E+02  -4.9000000000000000E+03
   2.2749000000000001E+02  -4.9000000000000000E+03
   2.2797900000000001E+02  -4.9000000000000000E+03
   2.2799000000000001E+02  -4.9000000000000000E+03
   2.2847900000000001E+02  -4.9000000000000000E+03
   2.2849000000000001E+02  -4.9000000000000000E+03
   2.2897800000000001E+02  -4.9000000000000000E+03
   2.2898900000000000E+02  -4.9000000000000000E+03
   2.2947900000000001E+02  -4.9000000000000000E+03
   2.2949000000000001E+02  -4.9000000000000000E+03
   2.2997800000000001E+02  -4.9000000000000000E+03
   2.2999000000000001E+02  -4.9000000000000000E+03
   2.3047900000000001E+02  -4.9000000000000000E+03
   2.3049000000000001E+02  -4.9000000000000000E+03
   2.3097900000000001E+02  -4.9000000000000000E+03
   2.3099000000000001E+02  -4.9000000000000000E+03
   2.3147900000000001E+02  -4.9000000000000000E+03
   2.3149000000000001E+02  -4.9000000000000000E+03
   2.3197900000000001E+02  -4.9000000000000000E+03
   2.3199000000000001E+02  -4.9000000000000000E+03
   2.3247900000000001E+02  -4.9000000000000000E+03
   2.3249000000000001E+02  -4.9000000000000000E+03
   2.3297900000000001E+02  -4.9000000000000000E+03
   2.3299000000000001E+02  -4.9000000000000000E+03
   2.3347900000000001E+02  -4.9000000000000000E+03
   2.3349000000000001E+02  -4.9000000000000000E+03
   2.3397900000000001E+02  -4.9000000000000000E+03
   2.3399100000000001E+02  -4.9000000000000000E+03
   2.3447900000000001E+02  -4.9000000000000000E+03
   2.3449100000000001E+02  -4.9000000000000000E+03
   2.3497999999999999E+02  -4.9000000000000000E+03
   2.3499100000000001E+02  -4.9000000000000000E+03
   2.3547999999999999E+02  -4.9000000000000000E+03
   2.3549100000000001E+02  -4.9000000000000000E+03
   2.3597999999999999E+02  -4.9000000000000000E+03
   2.3599100000000001E+02  -4.9000000000000000E+03
   2.3647999999999999E+02  -4.8900000000000000E+03
   2.3649100000000001E+02  -4.8900000000000000E+03
   2.3699100000000001E+02  -4.8900000000000000E+03
   2.3749100000000001E+02  -4.8900000000000000E+03
   2.3799100000000001E+02  -4.8800000000000000E+03
   2.3849100000000001E+02  -4.8800000000000000E+03
   2.3899100000000001E+02  -4.8800000000000000E+03
   2.3900200000000001E+02  -4.8800000000000000E+03
   2.3949199999999999E+02  -4.8800000000000000E+03
   2.3950299999999999E+02  -4.8800000000000000E+03
   2.3999100000000001E+02  -4.8700000000000000E+03
   2.4000299999999999E+02  -4.8700000000000000E+03
   2.4049100000000001E+02  -4.8700000000000000E+03
   2.4050200000000001E+02  -4.8700000000000000E+03
   2.4099100000000001E+02  -4.8700000000000000E+03
   2.4100200000000001E+02  -4.8700000000000000E+03
   2.4149100000000001E+02  -4.8700000000000000E+03
   2.4150399999999999E+02  -4.8700000000000000E+03
   2.4199299999999999E+02  -4.8600000000000000E+03
   2.4200399999999999E+02  -4.8700000000000000E+03
   2.4249199999999999E+02  -4.8600000000000000E+03
   2.4250299999999999E+02  -4.8600000000000000E+03
   2.4299199999999999E+02  -4.8600000000000000E+03
   2.4300399999999999E+02  -4.8600000000000000E+03
   2.4349199999999999E+02  -4.8600000000000000E+03
   2.4350399999999999E+02  -4.8600000000000000E+03
   2.4399299999999999E+02  -4.8500000000000000E+03
   2.4400399999999999E+02  -4.8500000000000000E+03
   2.4449199999999999E+02  -4.8500000000000000E+03
   2.4450299999999999E+02  -4.8500000000000000E+03
   2.4499199999999999E+02  -4.8400000000000000E+03
   2.4500299999999999E+02  -4.8400000000000000E+03
   2.4549199999999999E+02  -4.8400000000000000E+03
   2.4550399999999999E+02  -4.8400000000000000E+03
   2.4599299999999999E+02  -4.8300000000000000E+03
   2.4600399999999999E+02  -4.8300000000000000E+03
   2.4649199999999999E+02  -4.8300000000000000E+03
   2.4650299999999999E+02  -4.8300000000000000E+03
   2.4699199999999999E+02  -4.8200000000000000E+03
   2.4700299999999999E+02  -4.8200000000000000E+03
   2.4749299999999999E+02  -4.8200000000000000E+03
   2.4750399999999999E+02  -4.8200000000000000E+03
   2.4799199999999999E+02  -4.8200000000000000E+03
   2.4800399999999999E+02  -4.8200000000000000E+03
   2.4849199999999999E+02  -4.8100000000000000E+03
   2.4850299999999999E+02  -4.8200000000000000E+03
   2.4899199999999999E+02  -4.8100000000000000E+03
   2.4900299999999999E+02  -4.8100000000000000E+03
   2.4949199999999999E+02  -4.8100000000000000E+03
   2.4950399999999999E+02  -4.8100000000000000E+03
   2.4999199999999999E+02  -4.8100000000000000E+03
   2.5000299999999999E+02  -4.8100000000000000E+03
   2.5049199999999999E+02  -4.8100000000000000E+03
   2.5050299999999999E+02  -4.8100000000000000E+03
   2.5099199999999999E+02  -4.8100000000000000E+03
   2.5100500000000000E+02  -4.8100000000000000E+03
   2.5149299999999999E+02  -4.8000000000000000E+03
   2.5150500000000000E+02  -4.8100000000000000E+03
   2.5199299999999999E+02  -4.8000000000000000E+03
   2.5200399999999999E+02  -4.8000000000000000E+03
   2.5249299999999999E+02  -4.8000000000000000E+03
   2.5250399999999999E+02  -4.8000000000000000E+03
   2.5299299999999999E+02  -4.7900000000000000E+03
   2.5300500000000000E+02  -4.8000000000000000E+03
   2.5349299999999999E+02  -4.7900000000000000E+03
   2.5350399999999999E+02  -4.7900000000000000E+03
   2.5399299999999999E+02  -4.7800000000000000E+03
   2.5400399999999999E+02  -4.7900000000000000E+03
   2.5449299999999999E+02  -4.7800000000000000E+03
   2.5450399999999999E+02  -4.7800000000000000E+03
   2.5499299999999999E+02  -4.7800000000000000E+03
   2.5500399999999999E+02  -4.7800000000000000E+03
   2.5549299999999999E+02  -4.7700000000000000E+03
   2.5550399999999999E+02  -4.7800000000000000E+03
   2.5599299999999999E+02  -4.7700000000000000E+03
   2.5600400000000002E+02  -4.7700000000000000E+03
   2.5649299999999999E+02  -4.7700000000000000E+03
   2.5650400000000002E+02  -4.7700000000000000E+03
   2.5699299999999999E+02  -4.7700000000000000E+03
   2.5700400000000002E+02  -4.7700000000000000E+03
   2.5749299999999999E+02  -4.7600000000000000E+03
   2.5750400000000002E+02  -4.7700000000000000E+03
   2.5799299999999999E+02  -4.7500000000000000E+03
   2.5800400000000002E+02  -4.7600000000000000E+03
   2.5849299999999999E+02  -4.7500000000000000E+03
   2.5850400000000002E+02  -4.7500000000000000E+03
   2.5900400000000002E+02  -4.7500000000000000E+03
   2.5950400000000002E+02  -4.7400000000000000E+03
   2.6000400000000002E+02  -4.7400000000000000E+03
   2.6050400000000002E+02  -4.7300000000000000E+03
   2.6100400000000002E+02  -4.7300000000000000E+03
   2.6101599999999996E+02  -4.7300000000000000E+03
   2.6150500000000000E+02  -4.7200000000000000E+03
   2.6151599999999996E+02  -4.7300000000000000E+03
   2.6200500000000000E+02  -4.7200000000000000E+03
   2.6201599999999996E+02  -4.7200000000000000E+03
   2.6250500000000000E+02  -4.7100000000000000E+03
   2.6251599999999996E+02  -4.7100000000000000E+03
   2.6300500000000000E+02  -4.7100000000000000E+03
   2.6301599999999996E+02  -4.7000000000000000E+03
   2.6350400000000002E+02  -4.7100000000000000E+03
   2.6351599999999996E+02  -4.7000000000000000E+03
   2.6400500000000000E+02  -4.7000000000000000E+03
   2.6401599999999996E+02  -4.7000000000000000E+03
   2.6450400000000002E+02  -4.7000000000000000E+03
   2.6451599999999996E+02  -4.7000000000000000E+03
   2.6500500000000000E+02  -4.7000000000000000E+03
   2.6501599999999996E+02  -4.7000000000000000E+03
   2.6550400000000002E+02  -4.7000000000000000E+03
   2.6551599999999996E+02  -4.7000000000000000E+03
   2.6600400000000002E+02  -4.6900000000000000E+03
   2.6601499999999999E+02  -4.6900000000000000E+03
   2.6650400000000002E+02  -4.6900000000000000E+03
   2.6651599999999996E+02  -4.6900000000000000E+03
   2.6700400000000002E+02  -4.6900000000000000E+03
   2.6701499999999999E+02  -4.6900000000000000E+03
   2.6750400000000002E+02  -4.6800000000000000E+03
   2.6751499999999999E+02  -4.6900000000000000E+03
   2.6800400000000002E+02  -4.6800000000000000E+03
   2.6801499999999999E+02  -4.6800000000000000E+03
   2.6850400000000002E+02  -4.6800000000000000E+03
   2.6851499999999999E+02  -4.6800000000000000E+03
   2.6900400000000002E+02  -4.6700000000000000E+03
   2.6901499999999999E+02  -4.6700000000000000E+03
   2.6950400000000002E+02  -4.6700000000000000E+03
   2.6951499999999999E+02  -4.6700000000000000E+03
   2.7000400000000002E+02  -4.6600000000000000E+03
   2.7001499999999999E+02  -4.6700000000000000E+03
   2.7050400000000002E+02  -4.6600000000000000E+03
   2.7051499999999999E+02  -4.6600000000000000E+03
   2.7100400000000002E+02  -4.6500000000000000E+03
   2.7101499999999999E+02  -4.6600000000000000E+03
   2.7150299999999999E+02  -4.6500000000000000E+03
   2.7151499999999999E+02  -4.6500000000000000E+03
   2.7200400000000002E+02  -4.6500000000000000E+03
   2.7201499999999999E+02  -4.6500000000000000E+03
   2.7250299999999999E+02  -4.6400000000000000E+03
   2.7251499999999999E+02  -4.6400000000000000E+03
   2.7300400000000002E+02  -4.6400000000000000E+03
   2.7301499999999999E+02  -4.6400000000000000E+03
   2.7350299999999999E+02  -4.6300000000000000E+03
   2.7351400000000001E+02  -4.6400000000000000E+03
   2.7400299999999999E+02  -4.6300000000000000E+03
   2.7401600000000002E+02  -4.6300000000000000E+03
   2.7450299999999999E+02  -4.6200000000000000E+03
   2.7451400000000001E+02  -4.6300000000000000E+03
   2.7500299999999999E+02  -4.6200000000000000E+03
   2.7501400000000001E+02  -4.6200000000000000E+03
   2.7550299999999999E+02  -4.6200000000000000E+03
   2.7551499999999999E+02  -4.6200000000000000E+03
   2.7600299999999999E+02  -4.6200000000000000E+03
   2.7601499999999999E+02  -4.6100000000000000E+03
   2.7650299999999999E+02  -4.6100000000000000E+03
   2.7651499999999999E+02  -4.6100000000000000E+03
   2.7700400000000002E+02  -4.6100000000000000E+03
   2.7701499999999999E+02  -4.6100000000000000E+03
   2.7750400000000002E+02  -4.6100000000000000E+03
   2.7751499999999999E+02  -4.6100000000000000E+03
   2.7800200000000001E+02  -4.6100000000000000E+03
   2.7801499999999999E+02  -4.6100000000000000E+03
   2.7850400000000002E+02  -4.6100000000000000E+03
   2.7851400000000001E+02  -4.6100000000000000E+03
   2.7900299999999999E+02  -4.6100000000000000E+03
   2.7901499999999999E+02  -4.6100000000000000E+03
   2.7950400000000002E+02  -4.6000000000000000E+03
   2.7951400000000001E+02  -4.6000000000000000E+03
   2.8000299999999999E+02  -4.6000000000000000E+03
   2.8001400000000001E+02  -4.6000000000000000E+03
   2.8050299999999999E+02  -4.6000000000000000E+03
   2.8051400000000001E+02  -4.6000000000000000E+03
   2.8101400000000001E+02  -4.5900000000000000E+03
   2.8151400000000001E+02  -4.5900000000000000E+03
   2.8201400000000001E+02  -4.5900000000000000E+03
   2.8251400000000001E+02  -4.5800000000000000E+03
   2.8301400000000001E+02  -4.5800000000000000E+03
   2.8302499999999998E+02  -4.5800000000000000E+03
   2.8351400000000001E+02  -4.5700000000000000E+03
   2.8352499999999998E+02  -4.5700000000000000E+03
   2.8401400000000001E+02  -4.5700000000000000E+03
   2.8402499999999998E+02  -4.5700000000000000E+03
   2.8451299999999998E+02  -4.5600000000000000E+03
   2.8452499999999998E+02  -4.5700000000000000E+03
   2.8501299999999998E+02  -4.5600000000000000E+03
   2.8502400000000000E+02  -4.5600000000000000E+03
   2.8551299999999998E+02  -4.5600000000000000E+03
   2.8552499999999998E+02  -4.5600000000000000E+03
   2.8601299999999998E+02  -4.5500000000000000E+03
   2.8602400000000000E+02  -4.5600000000000000E+03
   2.8651299999999998E+02  -4.5500000000000000E+03
   2.8652400000000000E+02  -4.5500000000000000E+03
   2.8701299999999998E+02  -4.5500000000000000E+03
   2.8702400000000000E+02  -4.5500000000000000E+03
   2.8751299999999998E+02  -4.5500000000000000E+03
   2.8752400000000000E+02  -4.5500000000000000E+03
   2.8801299999999998E+02  -4.5400000000000000E+03
   2.8802400000000000E+02  -4.5400000000000000E+03
   2.8851200000000000E+02  -4.5400000000000000E+03
   2.8852400000000000E+02  -4.5400000000000000E+03
   2.8901299999999998E+02  -4.5400000000000000E+03
   2.8902400000000000E+02  -4.5400000000000000E+03
   2.8951200000000000E+02  -4.5300000000000000E+03
   2.8952400000000000E+02  -4.5400000000000000E+03
   2.9001200000000000E+02  -4.5300000000000000E+03
   2.9002300000000002E+02  -4.5300000000000000E+03
   2.9051200000000000E+02  -4.5300000000000000E+03
   2.9052300000000002E+02  -4.5300000000000000E+03
   2.9101200000000000E+02  -4.5300000000000000E+03
   2.9102300000000002E+02  -4.5300000000000000E+03
   2.9151200000000000E+02  -4.5200000000000000E+03
   2.9152300000000002E+02  -4.5200000000000000E+03
   2.9201200000000000E+02  -4.5200000000000000E+03
   2.9202300000000002E+02  -4.5200000000000000E+03
   2.9251100000000002E+02  -4.5100000000000000E+03
   2.9252300000000002E+02  -4.5200000000000000E+03
   2.9301200000000000E+02  -4.5100000000000000E+03
   2.9302300000000002E+02  -4.5100000000000000E+03
   2.9351100000000002E+02  -4.5100000000000000E+03
   2.9352300000000002E+02  -4.5100000000000000E+03
   2.9401100000000002E+02  -4.5100000000000000E+03
   2.9402199999999999E+02  -4.5100000000000000E+03
